0.0000 2.97279985 0.02845050
0.1000 2.68800156 0.06834830
0.2010 2.51794515 0.12299909
0.3010 2.34326868 0.12016688
0.4020 2.09218672 0.14811217
0.5020 1.75958032 0.17367103
0.6030 1.49791135 0.20243714
0.7030 1.32903767 0.20313036
0.8040 1.12960668 0.22328309
0.9040 1.00809952 0.15112213
1.0050 1.08363618 0.20825659
1.1050 1.23699495 0.27155318
1.2050 1.46433153 0.30423259
1.3060 1.64075262 0.32573166
1.4060 1.83187808 0.37784507
1.5070 2.02133002 0.41636891
1.6070 2.13914598 0.44607784
1.7080 2.26520399 0.47956293
1.8080 2.38822450 0.47960293
1.9090 2.55013756 0.48268201
2.0090 2.68770288 0.48410522
2.1100 2.81230699 0.49353789
2.2100 2.86083310 0.47435311
2.3110 2.92840282 0.50549096
2.4110 2.99791188 0.50033266
2.5110 3.06557527 0.50252181
2.6120 3.18597954 0.61535802
2.7120 3.20603055 0.43060768
2.8130 3.30296741 0.43070944
2.9130 3.38606574 0.43467388
3.0140 3.48041275 0.47653666
3.1140 3.54203846 0.48966736
3.2150 3.58883940 0.52883907
3.3150 3.66835698 0.56768373
3.4160 3.79979226 0.58609773
3.5160 3.91781704 0.62217996
3.6160 4.06492215 0.66749464
3.7170 4.16371657 0.71729922
3.8170 4.27534436 0.71402770
3.9180 4.34651612 0.78563462
4.0180 4.35635373 0.81376435
4.1190 4.50550002 0.83125163
4.2190 4.50677435 0.87641633
4.3200 4.53695083 0.87614956
4.4200 4.59429016 0.84213101
4.5210 4.65792794 0.89777700
4.6210 4.72897008 0.89593064
4.7210 4.76207877 0.94160408
4.8220 4.81447033 0.97258616
4.9220 4.88400546 1.06404564
5.0230 5.05703394 1.15884668
5.1230 5.06592058 1.15378681
5.2240 5.18655491 1.13834877
5.3240 5.33917969 1.11066525
5.4250 5.35826637 1.15011971
5.5250 5.45247196 1.14089530
5.6260 5.52227406 1.13745796
5.7260 5.48263606 1.20787395
5.8270 5.72497883 1.17306194
5.9270 5.82871823 1.16986731
6.0270 5.82710036 1.14936180
6.1280 5.82270786 1.15490635
6.2280 5.86842611 1.15322682
6.3290 5.86031066 1.15570546
6.4290 5.93216072 1.16172911
6.5300 5.95595027 1.14546944
6.6300 6.04213046 1.08647307
6.7310 6.10205049 1.10597134
6.8310 6.13686646 1.12901211
6.9320 6.19134164 1.13671270
7.0320 6.20796999 1.13900529
7.1320 6.24225290 1.10357858
7.2330 6.26206963 1.10523496
7.3330 6.27005562 1.11055370
7.4340 6.28582718 1.08698139
7.5340 6.24628529 1.09819841
7.6350 6.26913213 1.02417705
7.7350 6.30454668 1.01320132
7.8360 6.29979290 1.02157862
7.9360 6.28360143 0.99815478
8.0370 6.30279415 0.99840445
8.1370 6.37875008 0.98018685
8.2370 6.48125196 0.97700140
8.3380 6.42503117 0.98288134
8.4380 6.52536815 0.99321042
8.5390 6.56794975 0.98379961
8.6390 6.64305074 0.94693574
8.7400 6.66104462 0.94414955
8.8400 6.62655606 0.95032490
8.9410 6.66918517 0.95358964
9.0410 6.64001710 0.93537496
9.1420 6.73739734 0.90355356
9.2420 6.78728033 0.87300313
9.3420 6.74485431 0.84532767
9.4430 6.74318672 0.86155313
9.5430 6.71889537 0.84753019
9.6440 6.69330874 0.87986494
9.7440 6.65689627 0.90020210
9.8450 6.62075049 0.92168958
9.9450 6.59824526 0.92252659
10.0460 6.50849835 0.89838692
10.1460 6.54007215 0.88331409
10.2470 6.50937983 0.90557667
10.3470 6.45801165 0.91476097
10.4480 6.39900960 0.92428135
10.5480 6.46591590 0.94239626
10.6480 6.43640621 0.93803134
10.7490 6.43955939 0.96576567
10.8490 6.37230037 1.02029398
10.9500 6.36368474 0.99894953
11.0500 6.31336676 1.03559754
11.1510 6.33453269 1.08063085
11.2510 6.28652629 1.02736628
11.3520 6.27112414 1.04278860
11.4520 6.29255921 1.03634883
11.5530 6.27063077 1.05088299
11.6530 6.28506562 1.04836797
11.7530 6.22762959 1.06996896
11.8540 6.21405607 1.03332135
11.9540 6.29444665 1.04540645
12.0550 6.22311607 1.04844448
12.1550 6.23481447 1.04264217
12.2560 6.20480909 1.05596279
12.3560 6.22795818 1.05979255
12.4570 6.22866756 1.05655009
12.5570 6.21102874 1.03294599
12.6580 6.18267641 1.03190068
12.7580 6.18382554 1.05806322
12.8580 6.10744788 1.04310978
12.9590 6.10274169 1.03555090
13.0590 5.93910766 1.02391533
13.1600 5.94905993 1.00003302
13.2600 5.86272273 1.00768542
13.3610 5.82569778 1.00642024
13.4610 5.81320209 0.99661001
13.5620 5.76936658 0.97807998
13.6620 5.76125467 0.96696295
13.7630 5.71910403 0.99052573
13.8630 5.69850227 0.98358299
13.9640 5.65870382 1.01159535
14.0640 5.69378014 1.03807286
14.1640 5.70575132 1.04697480
14.2650 5.70469126 1.02759521
14.3650 5.65785277 1.04534031
14.4660 5.63143126 1.04677004
14.5660 5.62006390 1.01682709
14.6670 5.60039929 1.04732461
14.7670 5.61402332 1.03605610
14.8680 5.61913237 1.04554145
14.9680 5.59669493 1.03285054
15.0690 5.58861316 1.03455929
15.1690 5.55816705 1.00839939
15.2690 5.48151442 1.00835808
15.3700 5.47723861 0.99156373
15.4700 5.46495691 0.98216486
15.5710 5.55754483 1.00396901
15.6710 5.47700415 0.99534871
15.7720 5.47732471 1.02280885
15.8720 5.43524100 1.03129875
15.9730 5.46041826 1.05390777
16.0730 5.46269811 1.08869854
16.1740 5.44453993 1.06659330
16.2740 5.49038250 1.08319855
16.3740 5.49530205 1.05669128
16.4750 5.50158472 1.06978306
16.5750 5.45398350 1.07132246
16.6760 5.47359319 1.07035844
16.7760 5.43392411 1.07600254
16.8770 5.51072299 1.09017943
16.9770 5.46463564 1.05820844
17.0780 5.47055586 1.06877019
17.1780 5.45190195 1.03339081
17.2790 5.47391175 1.02046798
17.3790 5.47647817 1.00185432
17.4800 5.56049893 0.95709137
17.5800 5.55361997 0.94639813
17.6800 5.46743705 0.97259791
17.7810 5.44441014 0.95807288
17.8810 5.47501932 0.98591778
17.9820 5.38709548 0.94588946
18.0820 5.35267957 0.97862786
18.1830 5.31944924 0.99340141
18.2830 5.36220123 1.00292587
18.3840 5.42606608 1.00864966
18.4840 5.44749869 1.02149360
18.5850 5.48819566 1.05656918
18.6850 5.47966794 1.05071384
18.7850 5.47678540 1.02669367
18.8860 5.47711615 1.03243891
18.9860 5.50203681 1.01348254
19.0870 5.54703318 1.00560800
19.1870 5.56219934 1.02378178
19.2880 5.54970418 1.03731851
19.3880 5.55300088 1.05019756
19.4890 5.55417583 1.01983579
19.5890 5.56978325 1.01789593
19.6900 5.57710246 0.99888976
19.7900 5.60496463 0.98411208
19.8900 5.55084796 1.00403602
19.9910 5.56894101 0.97866965
20.0910 5.58277258 0.98253165
20.1920 5.55829077 1.00345873
20.2920 5.58994487 0.96846726
20.3930 5.62940220 0.98335925
20.4930 5.66948046 0.97642335
20.5940 5.64191397 0.96764570
20.6940 5.62502321 0.96299278
20.7950 5.69420855 0.96342209
20.8950 5.76055851 0.95937818
20.9960 5.77827089 0.96806607
21.0960 5.75195061 0.98516615
21.1960 5.74632849 0.94969983
21.2970 5.70481557 0.96230488
21.3970 5.78045280 0.98440552
21.4980 5.74225983 1.00709133
21.5980 5.78117922 0.98864373
21.6990 5.78538073 0.97327195
21.7990 5.74685570 1.05316163
21.9000 5.77870495 1.03901514
22.0000 5.77298246 1.04719345
22.1010 5.80584974 1.10455320
22.2010 5.86960657 1.06108420
22.3010 5.85668251 1.10419531
22.4020 5.85837886 1.07100105
22.5020 5.72930628 1.07486994
22.6030 5.78164442 1.10267093
22.7030 5.80857453 1.12612372
22.8040 5.88912188 1.11236424
22.9040 5.93139667 1.11328437
23.0050 5.95675073 1.11737839
23.1050 5.98294526 1.10797945
23.2060 5.95640284 1.04643272
23.3060 5.95399242 1.04312741
23.4060 5.94055331 1.05342384
23.5070 5.91491051 1.05928926
23.6070 5.92082727 1.05958138
23.7080 5.93984171 1.06874233
23.8080 5.88207995 1.04699200
23.9090 5.82513411 1.04631068
24.0090 5.81835266 1.01791340
24.1100 5.88083429 1.02853528
24.2100 5.89833394 1.00727880
24.3110 5.92365994 0.99541895
24.4110 5.96361032 0.98585408
24.5110 6.00934983 0.99464334
24.6120 5.98963981 0.98099789
24.7120 6.03233011 0.98675280
24.8130 6.05263221 1.00908115
24.9130 6.08023571 0.98447764
25.0140 6.12016085 0.97839514
25.1140 6.11052645 0.96564855
25.2150 6.10947923 1.00114919
25.3150 6.15701827 0.96429626
25.4160 6.17579952 0.98880141
25.5160 6.20080730 0.95918192
25.6170 6.19359893 1.02252246
25.7170 6.14982977 1.01380720
25.8170 6.17753312 1.01678630
25.9180 6.20071239 1.01822995
26.0180 6.20051575 0.96533733
26.1190 6.28633596 0.98475104
26.2190 6.26325601 0.98334390
26.3200 6.28766655 0.98935331
26.4200 6.31037145 0.98135704
26.5210 6.27003086 0.97129620
26.6210 6.23926866 0.97265688
26.7220 6.23064745 0.97197863
26.8220 6.16993786 0.99822412
26.9220 6.20204584 0.96479726
27.0230 6.15100900 0.98530228
27.1230 6.17754865 0.99552879
27.2240 6.21152619 0.97970833
27.3240 6.27083528 1.00094190
27.4250 6.29843872 0.98424360
27.5250 6.37339903 1.03223140
27.6260 6.37057242 0.98231882
27.7260 6.37282179 0.95906870
27.8270 6.42143470 1.01439455
27.9270 6.45873627 1.03950353
28.0270 6.46289154 0.99612067
28.1280 6.47628090 0.99728941
28.2280 6.49773188 0.99463387
28.3290 6.49084724 1.01694739
28.4290 6.52901763 1.03545103
28.5300 6.51241733 1.04890545
28.6300 6.59137764 1.00384293
28.7310 6.53290403 1.06341389
28.8310 6.54708658 1.02670952
28.9320 6.56158349 1.03902443
29.0320 6.58645121 1.03204552
29.1330 6.53515646 1.00584250
29.2330 6.53840353 1.05479651
29.3330 6.55751972 0.97853642
29.4340 6.53735892 0.97646339
29.5340 6.52856534 1.01857492
29.6350 6.53400404 1.05685653
29.7350 6.58266705 1.00555230
29.8360 6.59993241 1.03860495
29.9360 6.62772581 1.01085116
30.0370 6.61621544 1.02249179
30.1370 6.54135355 1.02628036
30.2380 6.60545615 0.99389539
30.3380 6.59753826 1.00352272
30.4380 6.66010241 1.00110108
30.5390 6.67882797 0.98976886
30.6390 6.67298344 1.05911206
30.7400 6.73003179 1.04988864
30.8400 6.73431832 0.95856054
30.9410 6.69967141 1.01534442
31.0410 6.75674665 1.02181599
31.1420 6.77745992 1.04522091
31.2420 6.75150746 1.00104478
31.3430 6.69193683 1.04439681
31.4430 6.74274000 0.93986606
31.5430 6.68309692 1.02581430
31.6440 6.69485790 1.02341144
31.7440 6.67125955 1.02552912
31.8450 6.65598752 1.03937197
31.9450 6.69498516 0.99384008
32.0460 6.54705103 1.01912166
32.1460 6.49644477 1.03603953
32.2470 6.52920363 0.98887333
32.3470 6.49749058 1.05369893
32.4480 6.52071954 0.99547291
32.5480 6.56347093 1.02914948
32.6490 6.53529563 1.02387247
32.7490 6.55064666 0.97273784
32.8490 6.50561877 1.04687389
32.9500 6.50773625 1.05198990
33.0500 6.52887369 0.97706757
33.1510 6.50838251 1.03721786
33.2510 6.53250921 0.98615660
33.3520 6.51272276 1.04171366
33.4520 6.55993215 0.99553191
33.5530 6.54659866 1.05037043
33.6530 6.54351180 1.05194588
33.7540 6.53514857 1.04882153
33.8540 6.51458320 0.98795293
33.9540 6.53597594 1.07874109
34.0550 6.60318277 1.11675097
34.1550 6.51159228 1.01974965
34.2560 6.57415116 1.06323808
34.3560 6.53834768 1.04868545
34.4570 6.61273469 1.05670837
34.5570 6.61183956 1.06876432
34.6580 6.58875040 0.99053925
34.7580 6.57884157 0.99127862
34.8590 6.65088004 1.15096619
34.9590 6.59975966 1.07431968
35.0590 6.61540116 1.02592441
35.1600 6.64245131 1.08236202
35.2600 6.60924905 1.02303376
35.3610 6.63863110 1.05072682
35.4610 6.71865100 1.11042787
35.5620 6.69581200 1.07234591
35.6620 6.68849536 1.03042386
35.7630 6.72695987 1.08232978
35.8630 6.68672871 1.02000084
35.9640 6.69115339 1.00383584
36.0640 6.73069079 0.99373571
36.1640 6.74146730 0.99757978
36.2650 6.78005786 1.06681412
36.3650 6.72982016 0.98937446
36.4660 6.76303920 1.01252502
36.5660 6.82402596 1.01773386
36.6670 6.85745995 1.04341450
36.7670 6.83774844 1.06389400
36.8680 6.86597160 1.09004932
36.9680 6.89858978 1.00168449
37.0690 6.95185464 1.17360296
37.1690 7.01776138 1.14422770
37.2700 7.01737878 1.08309498
37.3700 7.00206457 1.03770912
37.4700 7.05394354 1.08857407
37.5710 7.02438550 1.02960734
37.6710 7.06610097 1.05024652
37.7720 7.10936767 1.08710506
37.8720 7.08982212 1.04574815
37.9730 7.12295572 1.07876471
38.0730 7.14488272 1.06612392
38.1740 7.12766730 1.03329254
38.2740 7.14468634 1.09052467
38.3750 7.14071935 1.06633524
38.4750 7.17039993 1.07365935
38.5750 7.16424460 1.07154972
38.6760 7.22656965 1.13201447
38.7760 7.23873250 1.12694143
38.8770 7.22757988 1.08400371
38.9770 7.21961573 1.06421233
39.0780 7.28482515 1.13574327
39.1780 7.25074205 1.09884348
39.2790 7.27462196 1.15540781
39.3790 7.25658573 1.09379393
39.4800 7.26314544 1.07013134
39.5800 7.30204775 1.10595915
39.6800 7.30114054 1.10302037
39.7810 7.31564704 1.10955423
39.8810 7.31377113 1.10459372
39.9820 7.33037013 1.08554446
40.0820 7.30961221 1.05796801
40.1830 7.33441801 1.09143966
40.2830 7.33677177 1.06279754
40.3840 7.31745526 1.14381473
40.4840 7.32461935 1.15755314
40.5850 7.33954720 1.11305918
40.6850 7.39238130 1.12416599
40.7860 7.38367571 1.13460803
40.8860 7.41475031 1.12077345
40.9860 7.40614532 1.12055348
41.0870 7.44126961 1.10745830
41.1870 7.44622206 1.09890192
41.2880 7.44847824 1.13261646
41.3880 7.46885456 1.18100208
41.4890 7.46784064 1.14051524
41.5890 7.49830876 1.12962355
41.6900 7.44579732 1.10029312
41.7900 7.49776405 1.14575141
41.8910 7.49380700 1.18408346
41.9910 7.50471697 1.13582925
42.0910 7.46919398 1.17138753
42.1920 7.48691642 1.16698852
42.2920 7.48039748 1.10207554
42.3930 7.50793747 1.16593241
42.4930 7.51730949 1.15938617
42.5940 7.54545294 1.17258149
42.6940 7.56076472 1.19197267
42.7950 7.57146838 1.17744481
42.8950 7.59141264 1.15872605
42.9960 7.62874270 1.21869165
43.0960 7.62820242 1.17832585
43.1960 7.66442927 1.15110695
43.2970 7.64352679 1.15496987
43.3970 7.63222936 1.19092107
43.4980 7.64845297 1.22983036
43.5980 7.65322998 1.19219509
43.6990 7.70297332 1.15801739
43.7990 7.70146433 1.17584964
43.9000 7.63513317 1.21301435
44.0000 7.67056041 1.15786117
44.1010 7.66671146 1.14180015
44.2010 7.68570564 1.20439283
44.3020 7.68379493 1.14736358
44.4020 7.70496599 1.17264030
44.5020 7.69157910 1.20411588
44.6030 7.67078581 1.18460752
44.7030 7.70560348 1.18302264
44.8040 7.66342496 1.16630316
44.9040 7.59013156 1.17214100
45.0050 7.59852399 1.16168944
45.1050 7.59312790 1.15283098
45.2060 7.60142611 1.23677332
45.3060 7.61389040 1.20099326
45.4070 7.65203794 1.21808295
45.5070 7.61238713 1.17261639
45.6070 7.64540332 1.20874316
45.7080 7.66064991 1.21037805
45.8080 7.64144768 1.16467167
45.9090 7.65183811 1.18858634
46.0090 7.64110318 1.20978367
46.1100 7.65290116 1.21587451
46.2100 7.64706644 1.16627002
46.3110 7.65748188 1.17653427
46.4110 7.68267261 1.17911824
46.5120 7.67105899 1.15814044
46.6120 7.68456079 1.16602583
46.7120 7.67973191 1.16522538
46.8130 7.70187492 1.20505354
46.9130 7.71456439 1.23220528
47.0140 7.72721686 1.21819214
47.1140 7.69191995 1.17386432
47.2150 7.74424093 1.31571174
47.3150 7.74166009 1.29038978
47.4160 7.72554889 1.21945478
47.5160 7.75021337 1.19607429
47.6170 7.71351049 1.22113929
47.7170 7.75382069 1.20793462
47.8180 7.79902645 1.27564616
47.9180 7.78892464 1.21602498
48.0180 7.78369095 1.17852043
48.1190 7.84171873 1.21264627
48.2190 7.82966732 1.17674815
48.3200 7.85316619 1.18875654
48.4200 7.84825910 1.19233885
48.5210 7.87868046 1.22586922
48.6210 7.89520168 1.25774154
48.7220 7.87443516 1.24205273
48.8220 7.91410153 1.29879118
48.9230 7.88546708 1.22838364
49.0230 7.88124566 1.25538166
49.1230 7.89944533 1.24953596
49.2240 7.89664163 1.29294284
49.3240 7.88490743 1.21301388
49.4250 7.89832684 1.18163635
49.5250 7.97039783 1.25417219
49.6260 7.91754815 1.22988785
49.7260 7.95506965 1.24551790
49.8270 7.90243946 1.19166693
49.9270 7.81701382 1.23263525
50.0280 7.87853577 1.26759445
50.1280 7.84272558 1.19847999
50.2280 7.81883705 1.33140443
50.3290 7.88073913 1.27694269
50.4290 7.88054847 1.26378360
50.5300 7.93264748 1.18539594
50.6300 7.84600251 1.20974455
50.7310 7.85390415 1.22654363
50.8310 7.87800813 1.20488581
50.9320 7.89596492 1.32042021
51.0320 7.88806773 1.28681052
51.1330 7.88163912 1.31837774
51.2330 7.86817735 1.20642611
51.3330 7.87697497 1.20482730
51.4340 7.89020682 1.22344730
51.5340 7.90708649 1.22024249
51.6350 7.88815957 1.25097815
51.7350 7.93863065 1.23127653
51.8360 7.91543497 1.29334735
51.9360 7.86708432 1.30682670
52.0370 7.91869841 1.27608100
52.1370 7.85551939 1.27659517
52.2380 7.86583607 1.28385679
52.3380 7.90080338 1.23383170
52.4390 7.90754873 1.31146839
52.5390 8.08380203 1.23052140
52.6390 8.08742773 1.25264002
52.7400 8.05529066 1.25601514
52.8400 8.04785827 1.27584876
52.9410 8.09903842 1.26081281
53.0410 8.10117474 1.29105735
53.1420 8.13740674 1.28177660
53.2420 8.11777602 1.33186620
53.3430 8.16969333 1.23339576
53.4430 8.15766577 1.23855451
53.5440 8.19898001 1.27424242
53.6440 8.22478379 1.30699633
53.7440 8.24420221 1.26659892
53.8450 8.21585884 1.31554446
53.9450 8.23386606 1.30435803
54.0460 8.19829411 1.32704788
54.1460 8.19556823 1.30571259
54.2470 8.20342098 1.36453199
54.3470 8.25282310 1.39689511
54.4480 8.27752880 1.32347932
54.5480 8.22144602 1.35546693
54.6490 8.23962755 1.31790874
54.7490 8.25312041 1.31893257
54.8490 8.26196192 1.29713397
54.9500 8.23079415 1.30596698
55.0500 8.21861898 1.27814168
55.1510 8.19968237 1.29405842
55.2510 8.21090027 1.34854818
55.3520 8.17162017 1.31294061
55.4520 8.17399859 1.29912852
55.5530 8.16585029 1.28122030
55.6530 8.12308097 1.36050895
55.7540 8.15324016 1.33366388
55.8540 8.17958724 1.31626440
55.9550 8.19421255 1.36800332
56.0550 8.17062545 1.38587752
56.1550 8.17313650 1.32554024
56.2560 8.18432061 1.35044073
56.3560 8.18989576 1.32832552
56.4570 8.20898555 1.33080623
56.5570 8.13409411 1.37566104
56.6580 8.08216317 1.37663934
56.7580 8.09128049 1.34319417
56.8590 8.08631478 1.41095144
56.9590 8.10668192 1.37046177
57.0600 8.18029775 1.39012406
57.1600 8.12434062 1.42157937
57.2600 8.12328034 1.46906063
57.3610 8.16140753 1.44995273
57.4610 8.17517895 1.32884500
57.5620 8.16960008 1.36782431
57.6620 8.12231148 1.45198313
57.7630 8.16462588 1.35292575
57.8630 8.17558609 1.41632282
57.9640 8.15701817 1.39117917
58.0640 8.20276708 1.39965447
58.1650 8.28615768 1.33450022
58.2650 8.35712416 1.34768023
58.3650 8.22685215 1.43684562
58.4660 8.37188384 1.40435870
58.5660 8.37361876 1.38516051
58.6670 8.37936687 1.31650043
58.7670 8.41660575 1.36255214
58.8680 8.41858139 1.34999871
58.9680 8.41291377 1.34334087
59.0690 8.29640398 1.39044100
59.1690 8.29671953 1.41039626
59.2700 8.27776643 1.43407802
59.3700 8.25082848 1.40025490
59.4710 8.23714699 1.39622003
59.5710 8.27362255 1.40951107
59.6710 8.21930639 1.46859410
59.7720 8.25152030 1.33581081
59.8720 8.26438864 1.46150742
59.9730 8.27765406 1.46419525
60.0730 8.28951831 1.47067443
60.1740 8.26893014 1.46690799
60.2740 8.21783248 1.35061729
60.3750 8.20135249 1.37666641
60.4750 8.19856311 1.50337177
60.5760 8.13221440 1.44806234
60.6760 8.18093541 1.42770280
60.7760 8.02716662 1.39007244
60.8770 8.01300642 1.43921658
60.9770 8.02498545 1.37576848
61.0780 8.01747559 1.40923925
61.1780 8.01786538 1.39012446
61.2790 8.02373218 1.39724619
61.3790 8.07641712 1.45425654
61.4800 8.10620297 1.39456705
61.5800 8.23361882 1.47110093
61.6810 8.22634082 1.50154451
61.7810 8.16971602 1.36585293
61.8810 8.08531360 1.38291961
61.9820 8.03231398 1.45845688
62.0820 7.94651649 1.46212431
62.1830 7.99842521 1.47331408
62.2830 7.93831617 1.45854503
62.3840 8.03120140 1.42705894
62.4840 8.03362553 1.44178741
62.5850 7.91650621 1.49479853
62.6850 7.84058936 1.48040064
62.7860 7.92077147 1.46065383
62.8860 7.62947048 1.49146360
62.9870 7.64676591 1.46885608
63.0870 7.66929722 1.44223215
63.1870 7.60926729 1.48385287
63.2880 7.56798031 1.53348735
63.3880 7.56373188 1.49857009
63.4890 7.52814222 1.49323547
63.5890 7.51326046 1.55139244
63.6900 7.57207094 1.60855810
63.7900 7.50814106 1.52104456
63.8910 7.50900719 1.42712454
63.9910 7.49095460 1.48325636
64.0920 7.52922485 1.48931320
64.1920 7.56175004 1.44501177
64.2920 7.52622465 1.49393363
64.3930 7.45072335 1.57981170
64.4930 7.45353118 1.52193125
64.5940 7.40427379 1.54480629
64.6940 7.41856536 1.44261071
64.7950 7.34772709 1.52685563
64.8950 7.37824207 1.55893204
64.9960 7.41054160 1.50295593
65.0960 7.29421304 1.52058551
65.1970 7.25367318 1.53144863
65.2970 7.33586640 1.45652380
65.3970 7.26591069 1.58194552
65.4980 7.32002315 1.51345007
65.5980 7.43527797 1.47052992
65.6990 7.17203566 1.55423296
65.7990 7.21468646 1.57647854
65.9000 7.23960219 1.61373113
66.0000 7.43581443 1.58824669
66.1010 7.45033091 1.54984321
66.2010 7.37825608 1.60081314
66.3020 7.46729999 1.56674967
66.4020 7.45010414 1.59593207
66.5020 7.62329015 1.64650242
66.6030 7.71894685 1.61500416
66.7030 7.67617600 1.57331161
66.8040 7.63667909 1.63768885
66.9040 7.71346308 1.58438733
67.0050 7.76101778 1.51560852
67.1050 7.53512602 1.60082813
67.2060 7.51844294 1.61858236
67.3060 7.71090272 1.62188982
67.4070 7.63033553 1.64678938
67.5070 7.68114429 1.56377574
67.6080 7.66457878 1.57861940
67.7080 7.60346040 1.63823381
67.8080 7.66649126 1.70685859
67.9090 7.59810763 1.64772374
68.0090 7.66860251 1.67983593
68.1100 7.68799329 1.68375830
68.2100 7.61582504 1.61681204
68.3110 7.64552136 1.62153041
68.4110 7.74647475 1.72908201
68.5120 7.80483285 1.76365726
68.6120 7.77352940 1.71235855
68.7130 7.79035153 1.72141590
68.8130 7.73128771 1.63463959
68.9130 7.76153548 1.65881940
69.0140 7.76789783 1.62932855
69.1140 7.83136664 1.68669224
69.2150 7.83262016 1.67234084
69.3150 7.78436140 1.58850272
69.4160 7.86993574 1.68477044
69.5160 7.84065401 1.61599775
69.6170 7.93739432 1.69535180
69.7170 7.94216715 1.68761076
69.8180 7.99946499 1.74098431
69.9180 7.97738320 1.69945833
70.0180 7.90605919 1.62469881
70.1190 7.94813168 1.61524158
70.2190 8.00063353 1.74939259
70.3200 8.07883755 1.76981765
70.4200 8.01391479 1.70637084
70.5210 8.00830145 1.68935696
70.6210 8.02172180 1.68059250
70.7220 8.07598657 1.73536334
70.8220 8.19938059 1.86043272
70.9230 8.15476753 1.75880009
71.0230 8.23487605 1.83782814
71.1240 8.20249497 1.78541746
71.2240 8.16986200 1.71294553
71.3240 8.21383059 1.72579091
71.4250 8.19099147 1.68538624
71.5250 8.24264199 1.74337481
71.6260 8.29653290 1.74866286
71.7260 8.26726955 1.73907358
71.8270 8.34852801 1.85418321
71.9270 8.39488422 1.86943747
72.0280 8.45144554 1.93804866
72.1280 8.48312135 1.95119289
72.2290 8.50978756 1.93817581
72.3290 8.42343057 1.80011518
72.4290 8.50581419 1.83951595
72.5300 8.44374998 1.81544240
72.6300 8.49005708 1.80077160
72.7310 8.49893240 1.77965698
72.8310 8.52670256 1.81999747
72.9320 8.57676753 1.77858494
73.0320 8.63317526 1.89724674
73.1330 8.61381996 1.84146234
73.2330 8.58852533 1.79406630
73.3340 8.61909258 1.88695465
73.4340 8.63689069 1.82760347
73.5340 8.64348294 1.84825482
73.6350 8.65406847 1.79297148
73.7350 8.63110749 1.77721378
73.8360 8.68163756 1.85152639
73.9360 8.71048858 1.87709569
74.0370 8.70802561 1.84087565
74.1370 8.74436518 1.89799699
74.2380 8.77176330 1.91830053
74.3380 8.76781687 1.89662508
74.4390 8.78803352 1.86660193
74.5390 8.84117693 1.97185696
74.6400 8.78151016 1.81918521
74.7400 8.83241709 1.89491844
74.8400 8.85427624 1.93898424
74.9410 8.83275665 1.87478818
75.0410 8.86483111 1.88785079
75.1420 8.88091040 1.88991767
75.2420 8.89255593 1.85624597
75.3430 8.95891343 1.96102209
75.4430 8.99154578 1.98353822
75.5440 8.99344583 1.97215882
75.6440 8.97656065 1.92663078
75.7450 9.02355069 1.95179863
75.8450 9.03506498 1.95472512
75.9450 9.06707443 2.00393595
76.0460 8.99864008 1.89668282
76.1460 8.97969885 1.86112900
76.2470 9.04185621 1.91965433
76.3470 9.13546863 2.05807708
76.4480 9.15548095 2.05008536
76.5480 9.17132560 2.05472475
76.6490 9.14207729 2.00670846
76.7490 9.14956015 1.98702959
76.8500 9.11201956 1.90161522
76.9500 9.11906774 1.89783924
77.0500 9.12503859 1.87984732
77.1510 9.17768755 1.92890488
77.2510 9.19100497 1.95559333
77.3520 9.22293139 1.96556179
77.4520 9.26924983 2.02148765
77.5530 9.29647614 2.03015821
77.6530 9.34840602 2.07212414
77.7540 9.30086415 1.99742073
77.8540 9.34562860 2.02573334
77.9550 9.40067800 2.07824404
78.0550 9.40116168 2.05809090
78.1560 9.40976350 2.04279478
78.2560 9.41079208 2.00793446
78.3560 9.44151465 2.05152479
78.4570 9.39433632 1.96379251
78.5570 9.47067266 2.05303932
78.6580 9.48890236 2.05119844
78.7580 9.55787933 2.10081396
78.8590 9.54267564 2.06952604
78.9590 9.53581000 2.04224924
79.0600 9.56113570 2.05397851
79.1600 9.49797760 1.94197844
79.2610 9.52945966 1.95169853
79.3610 9.56365274 1.96832878
79.4610 9.67700159 2.12047360
79.5620 9.70986719 2.15039005
79.6620 9.66978134 2.07638233
79.7630 9.65412258 2.02766454
79.8630 9.65673862 1.98429309
79.9640 9.65658265 2.00656114
80.0640 9.71818592 2.05950715
80.1650 9.72816406 2.03460571
80.2650 9.72613750 1.99902614
80.3660 9.76572316 2.02590279
80.4660 9.78026645 2.02031471
80.5660 9.90268955 2.16719779
80.6670 9.93940884 2.17417573
80.7670 9.93534630 2.19926771
80.8680 9.88206034 2.09298272
80.9680 9.95541871 2.16414518
81.0690 9.98221950 2.16979532
81.1690 9.96903561 2.13270799
81.2700 9.95726312 2.06465463
81.3700 10.00572516 2.13101139
81.4710 10.04718991 2.16987022
81.5710 10.12589388 2.23617215
81.6710 10.02834119 2.11360113
81.7720 10.02172022 2.07606627
81.8720 10.03424110 2.06983092
81.9730 10.10143376 2.12622736
82.0730 10.04130490 2.04643248
82.1740 10.22644671 2.24727256
82.2740 10.13550221 2.12576105
82.3750 10.21087231 2.18861780
82.4750 10.22364360 2.18261283
82.5760 10.24282834 2.19155093
82.6760 10.26887042 2.19588443
82.7770 10.29849104 2.21947714
82.8770 10.31712243 2.21179952
82.9770 10.33983474 2.21498530
83.0780 10.36737774 2.22910544
83.1780 10.28926590 2.12585179
83.2790 10.30203860 2.11615406
83.3790 10.36978938 2.18002666
83.4800 10.38338459 2.16496225
83.5800 10.37392604 2.13978093
83.6810 10.39798364 2.15950520
83.7810 10.38257413 2.11407614
83.8820 10.41607907 2.14140425
83.9820 10.55784220 2.27240722
84.0820 10.56106418 2.26174236
84.1830 10.62656589 2.31338115
84.2830 10.66265970 2.33278726
84.3840 10.62407319 2.26234158
84.4840 10.67469745 2.30275583
84.5850 10.58976397 2.19410421
84.6850 10.56222883 2.14216717
84.7860 10.71794238 2.29132894
84.8860 10.78412179 2.34781793
84.9870 10.79928208 2.34605292
85.0870 10.83947412 2.36699496
85.1870 10.87775945 2.39895468
85.2880 10.85852436 2.37601535
85.3880 10.87678573 2.37410909
85.4890 10.81251502 2.29606593
85.5890 10.88988331 2.35700287
85.6900 10.86354928 2.29740158
85.7900 10.90952479 2.33500701
85.8910 10.95767391 2.37642869
85.9910 10.87223116 2.27594111
86.0920 10.90552461 2.29111414
86.1920 10.98553120 2.35252540
86.2930 11.00778000 2.35820852
86.3930 10.94001229 2.26569685
86.4930 10.93968676 2.23720641
86.5940 11.02084968 2.31522591
86.6940 11.04907069 2.32335185
86.7950 11.06090448 2.30647959
86.8950 11.13169768 2.35975908
86.9960 11.09097546 2.29697131
87.0960 11.11664311 2.30450089
87.1970 11.08972089 2.25367414
87.2970 11.15853725 2.31141462
87.3980 11.19680164 2.32849148
87.4980 11.26299396 2.38929038
87.5980 11.19731383 2.28787960
87.6990 11.23283390 2.30409070
87.7990 11.31713710 2.32352758
87.9000 11.28963303 2.30087702
88.0000 11.28770975 2.30099665
88.1010 11.40566033 2.38107931
88.2010 11.41369133 2.36537575
88.3020 11.48226194 2.41290905
88.4020 11.47494989 2.36728830
88.5030 11.54441916 2.47513011
88.6030 11.55918890 2.48095419
88.7030 11.48685530 2.34719177
88.8040 11.51194733 2.34820164
88.9040 11.57280776 2.40104835
89.0050 11.62367331 2.44525865
89.1050 11.62134435 2.41745555
89.2060 11.67398805 2.45402894
89.3060 11.68793315 2.42411707
89.4070 11.82321011 2.56481748
89.5070 11.79094936 2.50989842
89.6080 11.74126214 2.41433742
89.7080 11.79804764 2.46978648
89.8090 11.84164875 2.49291314
89.9090 11.88768162 2.49835892
90.0090 11.95035110 2.56111446
90.1100 11.98659896 2.59586697
90.2100 11.90034916 2.45475299
90.3110 11.88128277 2.41229606
90.4110 11.94747990 2.46984714
90.5120 11.92844982 2.43343391
90.6120 12.05054071 2.55354175
90.7130 12.08619630 2.56564073
90.8130 12.12204410 2.58867397
90.9140 12.02053527 2.45117851
91.0140 12.17588658 2.59604763
91.1140 12.18376732 2.59152044
91.2150 12.15305547 2.50272928
91.3150 12.18978319 2.52686251
91.4160 12.22925125 2.56432055
91.5160 12.34294807 2.67084168
91.6170 12.32804210 2.63077570
91.7170 12.24541978 2.49757777
91.8180 12.31935170 2.55784097
91.9180 12.38695929 2.61281646
92.0190 12.42070937 2.64486160
92.1190 12.43560921 2.63800017
92.2190 12.38500763 2.56073338
92.3200 12.45828516 2.63480550
92.4200 12.39075112 2.51898129
92.5210 12.46196746 2.57660501
92.6210 12.47540508 2.60081145
92.7220 12.49799152 2.59966521
92.8220 12.45306119 2.53297139
92.9230 12.52474866 2.59007227
93.0230 12.62801127 2.68311219
93.1240 12.56985610 2.59646772
93.2240 12.55575538 2.55544830
93.3250 12.60537475 2.57599570
93.4250 12.72970117 2.68973734
93.5250 12.70649688 2.64118045
93.6260 12.72989034 2.64773577
93.7260 12.82815371 2.72899722
93.8270 12.83876322 2.70801710
93.9270 12.76682844 2.61643569
94.0280 12.89709706 2.72696617
94.1280 12.88782041 2.70009836
94.2290 13.01635820 2.80816452
94.3290 13.00922269 2.78089897
94.4300 13.01431920 2.76239798
94.5300 12.98443485 2.71377303
94.6300 12.99771523 2.69888155
94.7310 13.00845966 2.69165133
94.8310 13.05625178 2.72562326
94.9320 13.04594696 2.69169010
95.0320 13.08653577 2.71108037
95.1330 13.08417051 2.69208603
95.2330 13.28809885 2.88645338
95.3340 13.16240043 2.73261880
95.4340 13.23822871 2.79161789
95.5350 13.27139890 2.80788456
95.6350 13.18760571 2.69429400
95.7350 13.33343730 2.82592067
95.8360 13.20063397 2.66360321
95.9360 13.35039059 2.79353007
96.0370 13.36882665 2.78914632
96.1370 13.41527069 2.81907618
96.2380 13.43341112 2.80931154
96.3380 13.37702124 2.72956900
96.4390 13.43917396 2.77764587
96.5390 13.46964163 2.79496017
96.6400 13.48691299 2.78445469
96.7400 13.60367728 2.88324227
96.8400 13.66113379 2.91946689
96.9410 13.55761509 2.79205809
97.0410 13.59387255 2.80575546
97.1420 13.65589803 2.84650666
97.2420 13.71642507 2.88527715
97.3430 13.72786922 2.87526058
97.4430 13.72941976 2.85361489
97.5440 13.74875414 2.84870453
97.6440 13.93325659 3.04927719
97.7450 13.82330463 2.88467601
97.8450 13.93069815 2.97067741
97.9460 13.90888602 2.92595523
98.0460 13.98401646 2.98204205
98.1460 13.87667281 2.84542210
98.2470 13.97311584 2.92376403
98.3470 13.94208788 2.86823803
98.4480 13.96144995 2.86908359
98.5480 13.99825553 2.89191656
98.6490 14.15447190 3.03133071
98.7490 14.15620848 2.99834113
98.8500 14.13554336 2.98896714
98.9500 14.11813604 2.91717227
99.0510 14.10471066 2.89497084
99.1510 14.17267065 2.94376786
99.2510 14.25495457 3.00356105
99.3520 14.14681484 2.87373794
99.4520 14.14254490 2.89138374
99.5530 14.17451496 2.88947957
99.6530 14.25974829 2.96413315
99.7540 14.30771848 2.99281122
99.8540 14.39846272 3.06603253
99.9550 14.40741999 3.03357750
100.0550 14.40594669 3.00686782
100.1560 14.51618859 3.09928760
100.2560 14.52509473 3.08665465
100.3560 14.50561219 3.04259498
100.4570 14.58193641 3.10424825
100.5570 14.52839318 3.06155379
100.6580 14.60443464 3.12419911
100.7580 14.64052586 3.13171312
100.8590 14.57345729 3.04233062
100.9590 14.57696026 3.02356037
101.0600 14.71876404 3.15298176
101.1600 14.73595297 3.14900244
101.2610 14.73379219 3.12201103
101.3610 14.74288246 3.10881427
101.4620 14.76388056 3.11142993
101.5620 14.79761304 3.13064715
101.6620 14.76987782 3.08070070
101.7630 14.68947306 2.97384643
101.8630 14.88180525 3.14737525
101.9640 14.80933004 3.04801303
102.0640 14.78466787 3.00377059
102.1650 14.91963007 3.11776496
102.2650 14.91884668 3.09482185
102.3660 14.95992672 3.12095042
102.4660 15.03559597 3.17676529
102.5670 15.06209346 3.18118843
102.6670 14.96807766 3.06433208
102.7670 15.01589325 3.08588443
102.8680 15.06205424 3.11684140
102.9680 15.11175255 3.14288086
103.0690 15.17141292 3.18225231
103.1690 15.16271525 3.15690582
103.2700 15.12400036 3.09355118
103.3700 15.14368622 3.09382628
103.4710 15.10644682 3.03766657
103.5710 15.26273105 3.17656884
103.6720 15.28078187 3.17266539
103.7720 15.25294927 3.12094780
103.8720 15.32137813 3.16928165
103.9730 15.34504317 3.17103072
104.0730 15.37524538 3.17928319
104.1740 15.38839533 3.17752045
104.2740 15.45998327 3.22722988
104.3750 15.49676449 3.24101557
104.4750 15.44279720 3.16440382
104.5760 15.43524003 3.13498005
104.6760 15.45702650 3.14281256
104.7770 15.44844394 3.11126746
104.8770 15.52471016 3.17025892
104.9780 15.51404918 3.13772843
105.0780 15.71465695 3.31958910
105.1780 15.61422710 3.19510314
105.2790 15.62502540 3.18710159
105.3790 15.68694200 3.22385729
105.4800 15.68723576 3.20633241
105.5800 15.78170532 3.27847612
105.6810 15.83178746 3.30180805
105.7810 15.87266572 3.30849422
105.8820 15.91214806 3.32628439
105.9820 15.84152664 3.23394590
106.0830 15.90552532 3.27630061
106.1830 15.87923031 3.22595640
106.2830 15.92711282 3.25386433
106.3840 16.02116313 3.32722830
106.4840 16.05736985 3.34713928
106.5850 16.12666694 3.39484080
106.6850 16.13698216 3.39142879
106.7860 16.09253552 3.32542367
106.8860 16.12968794 3.34107680
106.9870 16.17406815 3.36395141
107.0870 16.25374103 3.42215560
107.1880 16.29434766 3.44280906
107.2880 16.38360917 3.51103589
107.3880 16.27870693 3.38448280
107.4890 16.28942122 3.37464429
107.5890 16.28300223 3.34648709
107.6900 16.33023178 3.37353003
107.7900 16.46548621 3.50828899
107.8910 16.50887791 3.53770359
107.9910 16.48149522 3.47861710
108.0920 16.39561036 3.35351756
108.1920 16.48404489 3.44403657
108.2930 16.44592415 3.38519881
108.3930 16.47257347 3.40166955
108.4930 16.52565064 3.43993210
108.5940 16.59078064 3.48488870
108.6940 16.55693098 3.40471173
108.7950 16.58376814 3.42258980
108.8950 16.53891287 3.34915595
108.9960 16.57805703 3.37308416
109.0960 16.58166125 3.41804086
109.1970 16.57253832 3.38956668
109.2970 16.54749727 3.36989188
109.3980 16.60567863 3.40544182
109.4980 16.64095969 3.41171722
109.5990 16.69051172 3.43532989
109.6990 16.69308433 3.40926925
109.7990 16.79083378 3.47916345
109.9000 16.84708354 3.50784078
110.0000 16.79922436 3.42760795
110.1010 16.97051734 3.57188076
110.2010 16.88647880 3.45917951
110.3020 16.91056392 3.45464754
110.4020 16.96227900 3.47771718
110.5030 17.02214390 3.51639985
110.6030 17.12902113 3.60019840
110.7040 17.13976605 3.57389678
110.8040 17.08489460 3.48560490
110.9040 17.16453663 3.54050692
111.0050 17.12228696 3.46959401
111.1050 17.15568396 3.47287731
111.2060 17.20253978 3.49110396
111.3060 17.21188882 3.47181323
111.4070 17.32090076 3.55391717
111.5070 17.32716392 3.53249051
111.6080 17.35977576 3.53647763
111.7080 17.46738055 3.62219383
111.8090 17.53920643 3.66134164
111.9090 17.52913373 3.62375728
112.0090 17.54532397 3.60671098
112.1100 17.51400840 3.54587694
112.2100 17.59377097 3.60562348
112.3110 17.58046571 3.56160920
112.4110 17.65942239 3.61885902
112.5120 17.55583181 3.56125700
112.6120 17.67637252 3.65622348
112.7130 17.81240168 3.76614064
112.8130 17.84149399 3.76776803
112.9140 17.84141675 3.73943093
113.0140 17.73743543 3.60566110
113.1150 17.83981570 3.68202468
113.2150 17.88433800 3.69817133
113.3150 17.89340269 3.67661097
113.4160 17.97821432 3.73453316
113.5160 17.95598789 3.68212159
113.6170 18.07039762 3.77520204
113.7170 18.08949637 3.76603668
113.8180 18.09266285 3.74487613
113.9180 18.16522888 3.78915344
114.0190 18.10353401 3.69827777
114.1190 18.07420770 3.63665223
114.2200 18.19104215 3.72669703
114.3200 18.23422613 3.74165015
114.4200 18.29974994 3.78338747
114.5210 18.33948647 3.79584287
114.6210 18.30427846 3.73150489
114.7220 18.34896734 3.76247684
114.8220 18.42012964 3.81042024
114.9230 18.42815670 3.79033412
115.0230 18.46603970 3.80008791
115.1240 18.52476519 3.83073055
115.2240 18.51486416 3.78650858
115.3250 18.56997315 3.81672139
115.4250 18.62030840 3.83886862
115.5250 18.68620710 3.89206873
115.6260 18.70250052 3.87389688
115.7260 18.74727374 3.89241368
115.8270 18.72165073 3.84186994
115.9270 18.79402918 3.88431207
116.0280 18.84934209 3.91641028
116.1280 18.88181197 3.91381127
116.2290 18.84274948 3.83809501
116.3290 18.81750014 3.77593109
116.4300 18.91356142 3.86682946
116.5300 18.89871294 3.82805915
116.6310 18.90515597 3.81704850
116.7310 18.98467232 3.86876979
116.8310 19.05490154 3.91389555
116.9320 19.14993117 3.98926671
117.0320 19.16994534 3.98278548
117.1330 19.19988040 3.98499285
117.2330 19.19317136 3.94755379
117.3340 19.18771632 3.90652853
117.4340 19.26756685 3.96015985
117.5350 19.32599917 3.98899456
117.6350 19.42506257 4.06877494
117.7360 19.41959135 4.03401913
117.8360 19.43265569 3.99142715
117.9360 19.47947133 4.03839637
118.0370 19.56838849 4.07357273
118.1370 19.60675958 4.08272405
118.2380 19.61465154 4.06302091
