0.0 2.97093693 0.02838763
1.0 2.73809472 0.32728508
2.0 4.52336820 0.48906895
3.0 6.96925815 0.59336263
4.0 9.22415395 0.71167742
5.0 11.18221092 0.86447845
6.0 12.44436946 0.98713288
7.0 14.14528584 1.13569094
8.0 15.73829412 1.20039939
9.0 16.66324840 1.37211479
10.0 18.34660317 1.36969457
11.0 19.96419310 1.43562508
12.0 21.46271556 1.49131072
13.0 22.69291513 1.49389342
14.0 24.22548475 1.47465138
15.0 25.58817717 1.50472077
16.0 27.21922778 1.50202414
17.0 29.19490929 1.54388128
18.0 30.63618619 1.52938305
19.0 32.09114110 1.63359271
20.0 33.34865726 1.65577548
21.0 34.43323335 1.66283165
22.0 35.52397928 1.76168581
23.0 36.91163943 1.80991436
24.0 38.06159475 1.80860002
25.0 39.80394155 1.88952057
26.0 40.59143946 2.06137016
27.0 41.84114626 2.04174291
28.0 42.86246491 2.09303451
29.0 44.81368641 2.21261865
30.0 46.86919613 2.29549651
31.0 48.06879242 2.40954217
32.0 49.44912682 2.39386276
33.0 51.08272583 2.42663296
34.0 52.09683363 2.49524077
35.0 53.15817502 2.58508458
36.0 55.19510182 2.62236793
37.0 56.69359531 2.64346651
38.0 57.88837539 2.66231176
39.0 59.30375669 2.75812948
40.0 60.89543948 2.89941037
41.0 62.36374247 2.97438949
42.0 63.50366695 2.93098867
43.0 65.42034064 2.98643656
44.0 66.94217124 3.14907792
45.0 68.05496793 3.16689097
46.0 68.83044570 3.33120957
47.0 69.75982200 3.30576137
48.0 71.21728985 3.30612423
49.0 72.58237028 3.45233569
50.0 73.79424189 3.59133043
51.0 74.83354853 3.67142174
52.0 75.97979982 3.60117705
53.0 77.95784510 3.58214608
54.0 80.44523076 3.73328920
55.0 81.50245879 3.77080701
56.0 83.58237939 3.86161240
57.0 85.73076145 3.99377509
58.0 86.61377050 4.03013069
59.0 86.96370202 4.10081269
60.0 88.51132405 4.12079297
61.0 89.13266135 4.12151732
62.0 90.58442242 4.15588076
63.0 91.10244235 4.21352629
64.0 93.35931608 4.24900206
65.0 94.31146315 4.38675855
66.0 95.97901760 4.36448449
67.0 97.43733409 4.50532673
68.0 98.85451603 4.53310878
69.0 98.58673205 4.61376662
70.0 100.09370278 4.68368011
71.0 101.24342947 4.83778294
72.0 102.56497845 4.86867378
73.0 104.01927289 5.00416221
74.0 104.93386925 5.01308731
75.0 106.30842871 5.10445765
76.0 106.82018363 5.02890268
77.0 107.91630155 5.18645374
78.0 108.53964376 5.12531122
79.0 109.38144625 5.20289271
80.0 110.72862449 5.29647819
81.0 111.97795502 5.38096506
82.0 113.09600226 5.48336044
83.0 114.60034240 5.42925775
84.0 115.94449360 5.50466393
85.0 116.67135715 5.48173630
86.0 117.88338476 5.65438478
87.0 118.74309715 5.71546042
88.0 119.80987224 5.65728359
89.0 121.19762117 5.80406779
90.0 122.14836391 5.88852057
91.0 123.49038089 5.93364364
92.0 124.79371093 5.97615555
93.0 126.01707614 5.98408745
94.0 127.35292027 6.08445893
95.0 128.56834821 6.07055216
96.0 129.70102673 6.22173760
97.0 130.94851691 6.18427213
98.0 131.72653161 6.45888761
99.0 132.93354795 6.39477330
100.0 134.21290436 6.53955079
101.0 135.55331748 6.50448778
102.0 136.80026131 6.65057541
103.0 137.60779823 6.65558006
104.0 138.89308117 6.69688623
105.0 140.12648509 6.77818841
106.0 141.42355220 6.79740024
107.0 142.82416030 6.86557060
108.0 144.11421533 6.88259620
109.0 144.95758693 6.99842963
110.0 146.76821541 7.06197730
111.0 147.58680963 7.04204608
112.0 148.29914446 7.20552255
113.0 149.87783418 7.21625876
114.0 150.55527636 7.39368068
115.0 152.89442455 7.49985745
116.0 154.08886744 7.42906488
117.0 155.31534566 7.50389699
