0.0 2.91419475 0.02736456
1.0 2.59968522 0.31511445
2.0 4.29394842 0.46625706
3.0 6.95215205 0.59086908
4.0 9.16106823 0.71650235
5.0 11.19442457 0.86041075
6.0 12.33331766 1.00151988
7.0 14.05106298 1.14199042
8.0 15.68591238 1.20939754
9.0 16.64304955 1.39998503
10.0 18.10594709 1.39259762
11.0 19.87062847 1.40107800
12.0 21.11382209 1.50804910
13.0 22.38683006 1.57177781
14.0 23.82409454 1.46636488
15.0 25.25367967 1.46331414
16.0 26.78076440 1.48423777
17.0 28.99520326 1.55698412
18.0 30.47101753 1.52783996
19.0 31.69218641 1.62745209
20.0 33.16021778 1.64013753
21.0 33.93719140 1.72141149
22.0 35.22566389 1.76898020
23.0 36.59607740 1.82481989
24.0 37.35203424 1.83581097
25.0 39.30822595 1.98267405
26.0 40.32558069 1.99764499
27.0 41.43533211 2.05853370
28.0 42.66055005 2.17450958
29.0 44.77022403 2.20931267
30.0 46.75137402 2.26207066
31.0 47.97793387 2.41736947
32.0 49.12441253 2.46717934
33.0 50.56388594 2.41078370
34.0 51.83749818 2.50557574
35.0 52.89568670 2.59642188
36.0 54.89376413 2.64100027
37.0 56.44941576 2.65159747
38.0 57.52232096 2.76440021
39.0 58.94701441 2.73690878
40.0 60.29505082 2.92388177
41.0 62.14937243 2.94848156
42.0 63.17099238 2.98711128
43.0 65.08605048 3.05469733
44.0 66.34608497 3.08773361
45.0 67.57345182 3.16496622
46.0 68.44699511 3.34228297
47.0 69.61498231 3.38973617
48.0 70.73561963 3.32592958
49.0 71.45390794 3.39772638
50.0 73.21964418 3.57297491
51.0 74.38710966 3.53990483
52.0 76.34632879 3.60215172
53.0 76.99843126 3.63423103
54.0 80.01375551 3.64033417
55.0 81.59436240 3.80960288
56.0 83.58633774 3.84180943
57.0 84.76031717 3.87150508
58.0 85.68059466 3.99240876
59.0 86.66161453 4.04662068
60.0 87.97933527 4.13910348
61.0 88.65895883 4.09108967
62.0 90.08339478 4.13104348
63.0 90.49983145 4.30046899
64.0 92.33001999 4.17427992
65.0 93.56119249 4.40121821
66.0 95.33330795 4.42105258
67.0 97.10585489 4.51119021
68.0 98.13971741 4.53105266
69.0 97.75690580 4.53638485
70.0 99.71942714 4.56313571
71.0 100.57755950 4.87592618
72.0 101.63339507 4.81342539
73.0 103.30416796 4.94606082
74.0 103.83053307 5.04497374
75.0 105.46541332 5.00952969
76.0 106.64660248 5.01374730
77.0 107.19478627 5.16147585
78.0 108.02079898 5.11475417
79.0 108.51253981 5.13162449
80.0 109.79759672 5.30996393
81.0 111.01807563 5.34593125
82.0 112.00865186 5.42312259
83.0 113.44135069 5.43323265
84.0 114.66988699 5.53033825
85.0 115.76048239 5.50384105
86.0 116.80592676 5.63212771
87.0 117.69652050 5.65496265
88.0 119.18887846 5.65910237
89.0 120.19754855 5.83686610
90.0 120.76820173 5.81432791
91.0 122.21047486 5.80655494
92.0 123.41351535 5.99032118
93.0 124.51665612 5.98937566
94.0 126.04630913 6.01860184
95.0 127.26689169 6.09975286
96.0 129.16777474 6.35483099
97.0 129.92565424 6.23548345
98.0 130.45130131 6.32445318
99.0 131.98645887 6.43161281
100.0 132.43400635 6.48027029
101.0 134.39716418 6.58472184
102.0 135.51247349 6.59550154
103.0 136.00676026 6.66082523
104.0 137.57052784 6.64971896
105.0 138.40172446 6.69257069
106.0 139.93700351 6.75834754
107.0 136.90333605 6.70317059
108.0 142.59295577 6.89624438
109.0 144.11047766 7.05428125
110.0 144.86770554 7.05358052
111.0 146.08892099 7.02347672
112.0 146.66467831 7.15071849
113.0 147.85226328 7.17387685
114.0 149.95218965 7.41118695
115.0 151.33821770 7.47104959
116.0 152.66945636 7.47630278
117.0 154.25615484 7.58591210
