0.0000 2.97279985 0.02845050
0.2010 2.31067861 0.12636067
0.4020 1.66164787 0.25939495
0.6030 1.51494122 0.27219408
0.8040 1.39786423 0.25949363
1.0050 1.52488965 0.43469307
1.2050 1.75025485 0.30113248
1.4060 2.13495958 0.23686513
1.6070 2.50235780 0.19496295
1.8080 2.64745851 0.24670180
2.0090 2.86641961 0.38227353
2.2100 3.12271289 0.49817806
2.4110 3.37385491 0.55536521
2.6120 3.63324450 0.60878754
2.8130 3.81578446 0.68157879
3.0140 4.06475532 0.71358889
3.2150 4.34849720 0.69124350
3.4160 4.54813489 0.61969345
3.6160 4.81023226 0.61928920
3.8170 4.95266964 0.59052270
4.0180 5.13606496 0.47779328
4.2190 5.30104917 0.49566299
4.4200 5.46205461 0.56822109
4.6210 5.59050063 0.53546211
4.8220 5.72667714 0.51450439
5.0230 5.87306740 0.53786235
5.2240 5.99443734 0.55533400
5.4250 6.11794140 0.57935026
5.6260 6.16862677 0.54776759
5.8270 6.29834504 0.59709278
6.0270 6.92004829 0.76429742
6.2280 6.89481145 0.77990257
6.4290 7.02945357 0.89149542
6.6300 7.18192839 1.04470017
6.8310 7.18203421 1.11078368
7.0320 7.33828779 1.16831448
7.2330 7.29259810 1.08346286
7.4340 7.42712926 1.11910947
7.6350 7.55076328 1.12747398
7.8360 7.58990824 1.18624928
8.0370 7.60019412 1.16960296
8.2370 7.68659007 1.21694156
8.4380 7.70563519 1.17939404
8.6390 7.72663678 1.15810874
8.8400 7.82660495 1.18077421
9.0410 7.92126370 1.17211047
9.2420 7.96424649 1.15138590
9.4430 8.10901128 1.16684293
9.6440 8.14601006 1.24916312
9.8450 8.22559611 1.16060862
10.0460 8.28114034 1.18240925
10.2470 8.41332969 1.18819686
10.4480 8.43197102 1.19144950
10.6480 8.61268785 1.15497820
10.8490 8.71009718 1.20576715
11.0500 8.88208373 1.17358967
11.2510 9.03068243 1.23632976
11.4520 9.32193913 1.11322439
11.6530 9.39758584 1.10053906
11.8540 9.52158864 1.10338437
12.0550 9.61785135 1.10646559
12.2560 9.69529954 1.09133391
12.4570 9.58883396 1.06969662
12.6580 9.77572244 1.10240891
12.8580 9.85679575 1.11355947
13.0590 9.91520928 1.11324603
13.2600 9.97472434 1.11791852
13.4610 9.94604137 1.09807923
13.6620 10.04471711 1.15789539
13.8630 10.11729127 1.17814488
14.0640 10.20153309 1.18240652
14.2650 10.28586896 1.18351699
14.4660 10.40199619 1.19642963
14.6670 10.39183516 1.17930262
14.8680 10.46280642 1.17249230
15.0690 10.51073994 1.18208391
15.2690 10.61512202 1.15257872
15.4700 10.52695148 1.11038685
15.6710 10.60269555 1.13324442
15.8720 10.66581367 1.13067842
16.0730 10.55577178 1.11162402
16.2740 10.57889584 1.10831258
16.4750 10.73893077 1.15922386
16.6760 10.85100080 1.18453159
16.8770 10.94629487 1.18551827
17.0780 11.10916028 1.19554982
17.2790 11.01021780 1.21632659
17.4800 11.15935149 1.26611540
17.6800 11.26186335 1.23665078
17.8810 11.23818707 1.24239304
18.0820 11.31924216 1.21505089
18.2830 11.26992778 1.21222786
18.4840 11.38447615 1.21247714
18.6850 11.38431070 1.20398623
18.8860 11.35703371 1.20057789
19.0870 11.56099293 1.19393214
19.2880 11.47357945 1.21353390
19.4890 11.27358214 1.24377132
19.6900 11.14067541 1.26466443
19.8900 11.27403145 1.28810645
20.0910 11.12412157 1.27002099
20.2920 11.26534127 1.29387263
20.4930 11.32474257 1.24040388
20.6940 11.15099260 1.26546261
20.8950 11.15607413 1.27480206
21.0960 11.56866283 1.25037057
21.2970 11.62955137 1.25736166
21.4980 11.66661616 1.29740108
21.6990 11.99976510 1.28994748
21.9000 11.97239103 1.28523500
22.1010 12.03224096 1.23498614
22.3010 11.79975881 1.26963448
22.5020 11.92546191 1.29759418
22.7030 11.84919608 1.30102923
22.9040 11.88328258 1.32227857
23.1050 12.13828785 1.30021505
23.3060 12.17628471 1.29366184
23.5070 12.17841006 1.28782969
23.7080 12.15603237 1.33946471
23.9090 12.27163773 1.35738426
24.1100 12.32286808 1.27227638
24.3110 12.28860542 1.36053565
24.5110 12.35497696 1.31708584
24.7120 12.41781271 1.29889235
24.9130 12.54106722 1.31321291
25.1140 12.35874839 1.28440291
25.3150 12.58604390 1.32341919
25.5160 12.59328464 1.43113856
25.7170 12.52668060 1.40490146
25.9180 12.44224100 1.44539594
26.1190 12.67384774 1.32890690
26.3200 12.72547173 1.37102204
26.5210 12.85543124 1.45926594
26.7220 13.43636352 1.43208025
26.9220 13.29094589 1.52544110
27.1230 13.35512449 1.48246967
27.3240 13.34201244 1.46128876
27.5250 13.09836499 1.37791652
27.7260 13.21790358 1.46386328
27.9270 13.28530730 1.50507224
28.1280 13.26348437 1.54444970
28.3290 13.34221685 1.47592759
28.5300 13.41092941 1.48317439
28.7310 13.48532362 1.49114684
28.9320 13.48692001 1.45362807
29.1330 13.62376001 1.62060267
29.3330 13.68371429 1.51680910
29.5340 13.66438504 1.56613257
29.7350 13.63963006 1.58316524
29.9360 13.63648337 1.61411483
30.1370 13.66995594 1.60578450
30.3380 13.73338716 1.59061655
30.5390 14.11231121 1.70910072
30.7400 14.08319198 1.68898936
30.9410 14.12548986 1.61461941
31.1420 14.24513530 1.61613406
31.3430 14.10771782 1.59498458
31.5430 14.00645472 1.69455100
31.7440 14.03269851 1.62581524
31.9450 14.17660665 1.71871674
32.1460 14.22504427 1.62162366
32.3470 14.28395027 1.69212110
32.5480 14.23518318 1.67733915
32.7490 13.93347288 1.72513044
32.9500 13.67616860 1.76146046
33.1510 13.65729021 1.71801879
33.3520 13.43291261 1.69723118
33.5530 13.48515466 1.70796386
33.7540 13.43153768 1.83042582
33.9540 13.47161228 1.73449119
34.1550 13.56182178 1.74621259
34.3560 13.67388358 1.83980281
34.5570 13.78801152 1.87775335
34.7580 13.83895602 1.79332155
34.9590 13.85584112 1.81775499
35.1600 13.91470697 1.79102740
35.3610 13.99767649 1.83863213
35.5620 14.08919379 1.83510709
35.7630 14.17533560 1.82689516
35.9640 14.27130567 1.83256521
36.1640 14.41361193 1.87706094
36.3650 14.53325175 1.92649983
36.5660 14.54467089 1.92874334
36.7670 14.60016257 1.93629905
36.9680 14.66845559 1.89771760
37.1690 14.70407161 1.93621344
37.3700 14.68881467 2.02815407
37.5710 14.58622620 1.91618139
37.7720 14.75970577 2.02136367
37.9730 14.82574338 1.95791092
38.1740 14.85228998 2.05597855
38.3750 14.81297128 1.96897155
38.5750 14.84302354 2.00955984
38.7760 14.90603357 2.03619278
38.9770 14.96666685 2.01651871
39.1780 15.01008904 2.00828201
39.3790 14.94720255 2.02292461
39.5800 15.07427560 2.08371404
39.7810 15.09735802 2.14853287
39.9820 15.10842574 2.13090211
40.1830 15.06958885 2.05026728
40.3840 15.19670112 2.19312179
40.5850 15.19544643 2.11344770
40.7860 15.24565888 2.20531641
40.9860 15.24560358 2.11494926
41.1870 15.24954044 2.12812084
41.3880 15.20896399 2.10907197
41.5890 15.23696718 2.16663288
41.7900 15.24908081 2.10686881
41.9910 15.22549343 2.21351286
42.1920 15.22682822 2.21355056
42.3930 15.28157221 2.29247795
42.5940 15.31985793 2.16429717
42.7950 15.37096610 2.27168079
42.9960 15.44196699 2.23957568
43.1960 15.31194859 2.22135663
43.3970 15.27292290 2.24941066
43.5980 15.28349091 2.28633947
43.7990 15.06714436 2.23785767
44.0000 14.91065715 2.29977074
44.2010 14.97953386 2.24397115
44.4020 14.93999477 2.26634176
44.6030 14.95260082 2.26160273
44.8040 14.98186090 2.31739351
45.0050 14.70063299 2.30025833
45.2060 14.76505148 2.30249833
45.4070 14.41726063 2.28676219
45.6070 13.92068877 2.35614489
45.8080 14.05335550 2.25887106
46.0090 13.87075030 2.41775035
46.2100 13.90603410 2.45000243
46.4110 13.75215272 2.37253351
46.6120 13.47961296 2.41462555
46.8130 13.48156924 2.39947565
47.0140 13.39372477 2.43377311
47.2150 13.32831681 2.50270098
47.4160 13.28829046 2.55556219
47.6170 13.27468208 2.55638272
47.8180 13.33178478 2.41605972
48.0180 13.14042549 2.46835151
48.2190 12.83541031 2.49445256
48.4200 12.62099053 2.49830146
48.6210 12.55321876 2.44116547
48.8220 12.74801905 2.42328901
49.0230 12.65682862 2.58290640
49.2240 12.64117165 2.49817672
49.4250 12.74002544 2.50275207
49.6260 12.57096903 2.53059885
49.8270 12.47701949 2.51696656
50.0280 12.49547791 2.47674344
50.2280 12.45598725 2.52414465
50.4290 12.33698132 2.52323682
50.6300 12.46363182 2.61518672
50.8310 12.45450887 2.55398941
51.0320 12.55449744 2.66172408
51.2330 12.56896911 2.59525862
51.4340 12.69671658 2.68033758
51.6350 12.69314361 2.62441914
51.8360 12.70625321 2.58949131
52.0370 12.77932341 2.61459341
52.2380 12.86531473 2.66940945
52.4390 12.83981422 2.59744093
52.6390 12.98316888 2.70079336
52.8400 13.00382751 2.66834838
53.0410 13.03232966 2.66316761
53.2420 13.13610222 2.72344197
53.4430 13.11280434 2.67800455
53.6440 13.23760011 2.77237798
53.8450 13.24439091 2.73703054
54.0460 13.26484246 2.73037660
54.2470 13.35382812 2.78033805
54.4480 13.32613178 2.69581775
54.6490 13.39814288 2.72880958
54.8490 13.46391359 2.74521990
55.0500 13.52634689 2.76030203
55.2510 13.66064703 2.85192758
55.4520 13.82964230 3.00393959
55.6530 13.73302241 2.82867940
55.8540 13.81393157 2.87503297
56.0550 13.99018463 3.00053470
56.2560 14.02517644 2.98000258
56.4570 14.02727941 2.93577900
56.6580 14.16038226 2.99571851
56.8590 14.23010727 3.02198584
57.0600 14.13704637 2.86819324
57.2600 14.30329657 2.99084401
57.4610 14.43232743 3.07531940
57.6620 14.39853584 2.98741981
57.8630 14.46827696 2.99033518
58.0640 14.50177432 2.98269214
58.2650 14.52935308 2.97937384
58.4660 14.66010591 3.07170744
58.6670 14.69434743 3.06555422
58.8680 14.71432121 3.02161653
59.0690 14.84713383 3.07612913
59.2700 15.02571804 3.22549663
59.4710 15.06569688 3.22463105
59.6710 15.07265022 3.16934401
59.8720 15.08237009 3.13151145
60.0730 15.19508344 3.17348622
60.2740 15.22833274 3.19947669
60.4750 15.26951522 3.19069837
60.6760 15.27352757 3.14781613
60.8770 15.51166449 3.34034151
61.0780 15.49813138 3.28020186
61.2790 15.52000657 3.25406519
61.4800 15.56879453 3.25921916
61.6810 15.68527670 3.32492352
61.8810 15.82051285 3.43937605
62.0820 15.74328540 3.29464124
62.2830 15.95077564 3.45711064
62.4840 15.88634286 3.34084691
62.6850 15.86845007 3.27758253
62.8860 16.00617956 3.35236024
63.0870 15.98830517 3.28714384
63.2880 16.11634188 3.37800508
63.4890 16.17045674 3.38209930
63.6900 16.13885822 3.27430755
63.8910 16.36899013 3.49275339
64.0920 16.46868520 3.54793930
64.2920 16.40117221 3.40091346
64.4930 16.50542755 3.48448215
64.6940 16.52253671 3.44354210
64.8950 16.56059620 3.47089571
65.0960 16.59525742 3.45175793
65.2970 16.72083980 3.53370639
65.4980 16.73285678 3.48895719
65.6990 16.68381304 3.38915346
65.9000 16.84889570 3.52432191
66.1010 16.93313056 3.55867544
66.3020 16.88129124 3.45448628
66.5020 17.08972994 3.61656708
66.7030 17.04361394 3.51857565
66.9040 17.15992775 3.58543855
67.1050 17.17527685 3.54437712
67.3060 17.32340116 3.64879333
67.5070 17.31685917 3.59619989
67.7080 17.29228313 3.52431396
67.9090 17.39400743 3.57553568
68.1100 17.50662377 3.66113234
68.3110 17.53358833 3.61559473
68.5120 17.56321379 3.60088846
68.7130 17.67629423 3.70840699
68.9130 17.63884918 3.62293578
69.1140 17.66024439 3.59530312
69.3150 17.77389128 3.66726946
69.5160 17.84067014 3.68458136
69.7170 17.93297171 3.72517005
69.9180 17.87765123 3.62996044
70.1190 17.99737326 3.71546772
70.3200 17.95714613 3.62489812
70.5210 17.92082649 3.60486187
70.7220 18.15421370 3.79863994
70.9230 18.23536539 3.84559354
71.1240 18.20680156 3.77018389
71.3240 18.23743445 3.75085651
71.5250 18.30967835 3.77313743
71.7260 18.31981636 3.72926031
71.9270 18.59010028 3.96702727
72.1280 18.45831934 3.76540150
72.3290 18.54055125 3.81114604
72.5300 18.60400731 3.83159985
72.7310 18.68249055 3.86207196
72.9320 18.70877119 3.83835742
73.1330 18.73868058 3.81751614
73.3340 18.82131367 3.86586564
73.5340 18.79604833 3.79277800
73.7350 18.88367204 3.84792961
73.9360 18.89235376 3.82747283
74.1370 18.93341013 3.81549424
74.3380 19.08613390 3.92744484
74.5390 19.15636319 3.95143435
74.7400 19.15663733 3.89613866
74.9410 19.26021725 3.98405225
75.1420 19.31960649 3.98854851
75.3430 19.37531190 3.98877681
75.5440 19.53166711 4.11162480
75.7450 19.43613637 3.95754308
75.9450 19.53362752 4.00535843
76.1460 19.55998224 3.98202508
76.3470 19.59742639 3.96884892
76.5480 19.70095032 4.02270593
76.7490 19.79747622 4.07419045
76.9500 19.95853855 4.18652721
77.1510 20.10694058 4.28989030
77.3520 20.00374644 4.13605527
77.5530 20.12860075 4.21227557
77.7540 20.05920224 4.08838975
77.9550 20.19730163 4.18105460
78.1560 20.24190002 4.17607790
78.3560 20.35389119 4.24615071
78.5570 20.39988321 4.26885234
78.7580 20.51411400 4.32694395
78.9590 20.52251600 4.29077743
79.1600 20.65974070 4.37828884
79.3610 20.59803134 4.25972231
79.5620 20.74063523 4.37430847
79.7630 20.78503903 4.38212961
79.9640 20.79394146 4.33467596
80.1650 20.72798727 4.21773748
80.3660 20.76319974 4.18020210
80.5660 20.90303177 4.27980511
80.7670 20.98833899 4.33456005
80.9680 20.95374246 4.25358535
81.1690 21.15241639 4.40605605
81.3700 21.07868668 4.28044781
81.5710 21.17507722 4.30982065
81.7720 21.25256824 4.34314566
81.9730 21.35252043 4.39543365
82.1740 21.37865633 4.37168377
82.3750 21.41159656 4.35693751
82.5760 21.52600601 4.42562242
82.7770 21.54375078 4.39081682
82.9770 21.66919569 4.46948871
83.1780 21.69060400 4.41968133
83.3790 21.83883130 4.52497332
83.5800 21.82399081 4.45866926
83.7810 21.89955323 4.48468457
83.9820 21.97553620 4.50804075
84.1830 22.05430034 4.51618144
84.3840 22.11223029 4.52643665
84.5850 22.12570644 4.48584642
84.7860 22.11554055 4.45048109
84.9870 22.29044864 4.57761478
85.1870 22.37768746 4.61534531
85.3880 22.38796868 4.57356938
85.5890 22.54044796 4.67901876
85.7900 22.53031753 4.61870415
85.9910 22.58378889 4.62262899
86.1920 22.68026843 4.66957524
86.3930 22.73315123 4.67548157
86.5940 22.80958655 4.70244529
86.7950 22.91502677 4.75034583
86.9960 22.93678658 4.72151658
87.1970 22.89287156 4.62694440
87.3980 23.21227003 4.91120790
87.5980 23.11140018 4.74642144
87.7990 23.08724125 4.68363897
88.0000 23.24191461 4.81972368
88.2010 23.41189115 4.94459911
88.4020 23.36307039 4.84776244
88.6030 23.31671122 4.74827382
88.8040 23.45254710 4.83460480
89.0050 23.59327696 4.92964653
89.2060 23.71738892 4.99266343
89.4070 23.70682659 4.92516051
89.6080 23.73653628 4.90539516
89.8090 23.74852507 4.86792648
90.0090 23.84998754 4.92360926
90.2100 23.74871421 4.77017825
90.4110 23.95508289 4.92711389
90.6120 24.14424154 5.07837789
90.8130 24.06454383 4.94921725
91.0140 24.08290649 4.91669666
91.2150 24.05829954 4.83535326
91.4160 24.22013229 4.95613123
91.6170 24.31661096 4.99734926
91.8180 24.26515922 4.89504763
92.0190 24.40458754 4.99789296
92.2190 24.39180364 4.92902962
92.4200 24.51360667 5.00809260
92.6210 24.53702885 4.97538547
92.8220 24.58855050 4.98305133
93.0230 24.63138272 4.97643723
93.2240 24.70422433 4.99987720
93.4250 24.80074205 5.03436422
93.6260 24.88161424 5.07641103
93.8270 24.95950688 5.09219373
94.0280 24.93336445 5.01660643
94.2290 25.09042629 5.13912445
94.4300 25.14312902 5.14240849
94.6300 25.18870252 5.14066925
94.8310 25.20502698 5.10757591
95.0320 25.25086157 5.10396861
95.2330 25.29115750 5.09485879
95.4340 25.44542140 5.20223045
95.6350 25.59669648 5.30535750
95.8360 25.69024892 5.34951721
96.0370 25.62626376 5.22309646
96.2380 25.67751789 5.24581134
96.4390 25.73969309 5.27539369
96.6400 25.84025096 5.32656144
96.8400 25.81210520 5.25320746
97.0410 25.85467531 5.26726778
97.2420 25.90501788 5.28019793
97.4430 25.94362647 5.25472213
97.6440 26.01960000 5.30402442
97.8450 26.06527242 5.30011652
98.0460 26.11272916 5.30166387
98.2470 26.15258072 5.27613936
98.4480 26.17644659 5.26717094
98.6490 26.33366738 5.37945638
98.8500 26.33171539 5.32656647
99.0510 26.32525989 5.27083973
99.2510 26.42016916 5.31649356
99.4520 26.50467344 5.34126101
99.6530 26.78685892 5.59632484
99.8540 26.70408640 5.45380850
100.0550 26.79883562 5.49930640
100.2560 26.78437219 5.44841782
100.4570 26.80537627 5.42018469
100.6580 26.89677680 5.46236911
100.8590 27.00565058 5.52837651
101.0600 26.96821103 5.43670888
101.2610 27.06754343 5.48682972
101.4620 27.11439025 5.48452572
101.6620 27.22645287 5.55108710
101.8630 27.27381126 5.54925116
102.0640 27.39633608 5.62264808
102.2650 27.38896119 5.56615110
102.4660 27.47168836 5.60479743
102.6670 27.62185817 5.74036861
102.8680 27.70226840 5.77160559
103.0690 27.64952734 5.66981406
103.2700 27.76660284 5.73774630
103.4710 27.79045181 5.71244461
103.6720 27.80263535 5.67548418
103.8720 28.03669509 5.86040787
104.0730 27.87987120 5.65300275
104.2740 28.02694802 5.74822980
104.4750 27.96818790 5.63227292
104.6760 28.10217449 5.69934321
104.8770 28.17037115 5.75748817
105.0780 28.20655495 5.73123351
105.2790 28.23715188 5.70008789
105.4800 28.34280480 5.75882541
105.6810 28.41876743 5.78706940
105.8820 28.43018661 5.74701455
106.0830 28.49632630 5.76483861
106.2830 28.63838141 5.83753934
106.4840 28.68787170 5.83762760
106.6850 28.76575023 5.87048096
106.8860 28.96065713 6.03248970
107.0870 28.85757382 5.87875423
107.2880 28.92131588 5.89335179
107.4890 28.97579666 5.90217627
107.6900 29.08370812 5.96098208
107.8910 29.11837910 5.94956835
108.0920 29.15857029 5.94057867
108.2930 29.36817125 6.10493844
108.4930 29.40464972 6.10420687
108.6940 29.25909394 5.90122716
108.8950 29.47274979 6.07657764
109.0960 29.52027953 6.07506725
109.2970 29.50762107 6.01325853
109.4980 29.54232802 5.99462451
109.6990 29.67997653 6.08321142
109.9000 29.71386640 6.07219362
110.1010 29.74959757 6.05457169
110.3020 29.84818064 6.11003187
110.5030 29.93700659 6.16289049
110.7040 30.01816743 6.18786448
110.9040 30.09363411 6.22735543
111.1050 30.10075750 6.17514465
111.3060 30.11540728 6.13750634
111.5070 30.18754669 6.16053897
111.7080 30.17425607 6.09811827
111.9090 30.33231718 6.20860946
112.1100 30.37623371 6.14361592
112.3110 30.43574759 6.15459025
112.5120 30.42666113 6.18272678
112.7130 30.55102640 6.23951283
112.9140 30.69462580 6.33405185
113.1150 30.67331976 6.20306676
113.3150 30.76043074 6.24247988
113.5160 30.86965710 6.36800542
113.7170 30.87074442 6.32002882
113.9180 30.99300511 6.32740366
114.1190 31.09855390 6.44345156
114.3200 31.09582296 6.33002982
114.5210 31.17502807 6.36632683
114.7220 31.13124297 6.27332606
114.9230 31.25707702 6.34367294
115.1240 31.45336193 6.49705042
115.3250 31.43276977 6.42730108
115.5250 31.50079571 6.44613632
115.7260 31.58784219 6.54315247
115.9270 31.68009128 6.58634339
116.1280 31.59429864 6.45143722
116.3290 31.68360749 6.49163557
116.5300 31.75176843 6.51999140
116.7310 31.86025438 6.51975776
116.9320 31.91334315 6.52364013
117.1330 31.97930687 6.60613581
117.3340 32.06723501 6.57924478
117.5350 32.05757603 6.52039562
117.7360 32.14572984 6.55939957
117.9360 32.08302190 6.64587356
118.1370 32.05423556 6.56327271
118.3380 32.08359600 6.54381558
118.5390 32.18988378 6.60132881
118.7400 32.26549946 6.62818800
118.9410 32.16252945 6.47638652
119.1420 32.41474577 6.67986470
119.3430 32.36750252 6.58385353
119.5440 32.43384140 6.58592680
119.7450 32.50327716 6.60661324
119.9460 32.55546002 6.61008450
120.1470 32.63730034 6.64816497
