0.0 0.17082957 0.04399448
1.0 0.94023839 1.87110981
2.0 1.13206664 2.93989881
3.0 1.47158797 3.42713709
4.0 1.64363766 3.55538365
5.0 1.81656996 3.30697722
6.0 1.99543560 3.17036037
7.0 2.16490100 3.00779169
8.0 2.22598038 4.28580523
9.0 2.49367356 4.02080763
10.0 2.61446742 3.58862817
11.0 2.73151685 3.45336246
12.0 2.83296435 3.92463770
13.0 2.81059450 3.62627869
14.0 2.76289587 3.30314029
15.0 2.80907382 2.75721282
16.0 2.81956796 3.22233448
17.0 2.89666933 3.64819797
18.0 2.91630596 3.48339963
19.0 3.05968122 2.75672665
20.0 3.18183557 2.03095070
21.0 3.25462888 0.91741038
22.0 3.38526890 1.48279066
23.0 3.47046012 1.78916700
24.0 3.56113168 2.39941654
25.0 3.64432124 2.67136977
26.0 3.87778372 2.14552106
27.0 3.87117476 36.11582773
28.0 3.98851660 36.92848504
29.0 4.16824354 37.94284474
30.0 4.30504258 39.08876440
31.0 4.46917051 39.74218343
32.0 4.50293980 40.61349482
33.0 4.59711256 41.40379770
34.0 4.70488996 42.78154630
35.0 4.85839640 43.48510203
36.0 4.96963429 76.16295584
37.0 5.05022780 77.88931860
38.0 5.14031045 79.96874902
39.0 5.29962350 82.24593930
40.0 5.44769216 84.06307947
41.0 5.57977948 86.15197951
42.0 5.60896997 88.95362058
43.0 5.73491975 90.46687349
44.0 5.95279341 92.73203603
45.0 6.03248002 94.97966728
46.0 6.24530109 97.18422676
47.0 6.27934507 45.48104453
48.0 6.34026711 46.04842931
49.0 6.54571319 47.22201568
50.0 6.72186670 42.07607306
51.0 6.81533447 45.42221228
52.0 6.79694137 54.71576415
53.0 6.81887269 68.04032429
54.0 6.99250888 84.28484387
55.0 7.09639076 100.97427594
56.0 7.25418670 118.95062562
57.0 7.44841071 137.00591342
58.0 7.53696520 153.98577427
59.0 7.61913999 171.60003220
60.0 7.69017406 189.97594201
61.0 7.70954411 208.62251544
62.0 7.81230407 92.15192639
63.0 7.92259323 93.14351160
64.0 7.98989036 251.55300008
65.0 8.20587216 337.91391238
66.0 8.24728356 343.08822899
67.0 8.44691609 349.40659827
68.0 8.53551848 355.22898420
69.0 8.66965622 360.97495345
70.0 8.79046352 366.05045610
71.0 9.00495488 372.15394284
72.0 9.09488389 378.50707136
73.0 9.28734279 383.42412296
74.0 9.35281600 389.28842173
75.0 9.49898524 395.12646780
76.0 9.49971781 401.07837889
77.0 9.71420522 405.64607479
78.0 9.69558900 412.01494392
79.0 9.82293142 418.17722130
80.0 9.97434879 422.75071168
81.0 10.11702266 428.79600909
82.0 10.27448654 434.79784589
83.0 10.27071046 440.46463070
84.0 10.43185834 447.25392060
85.0 10.45754740 453.03999153
86.0 10.69309945 457.62969542
87.0 10.81009079 463.57856810
88.0 10.79841268 469.51944363
89.0 11.00168640 475.70928904
90.0 11.13264887 480.15038255
91.0 11.23330691 486.24767182
92.0 11.34757442 491.79560608
93.0 11.39494744 497.77642653
94.0 11.55197024 503.86076857
95.0 11.62882415 509.76178933
96.0 11.80812094 514.13004620
97.0 11.82963878 519.98350752
98.0 12.15844592 526.21828481
99.0 12.15040609 532.21919602
100.0 12.35130888 538.14649723
101.0 12.37199181 543.87786160
102.0 12.56894956 548.14981980
103.0 12.61451593 554.09088521
104.0 12.70710464 559.86496725
105.0 12.83724579 565.99621930
106.0 12.91023976 571.78385003
107.0 13.03613152 577.71687611
108.0 13.11133596 583.70679972
109.0 13.27893301 589.76166084
110.0 13.40947069 593.50555027
111.0 13.45085177 599.25615849
112.0 13.66885109 605.43603081
113.0 13.73629898 611.47904847
114.0 13.97106608 617.30620389
115.0 14.15049387 623.45285781
116.0 14.13830916 629.08305315
117.0 14.27167469 632.86476789
