0.0 1.92280362 1.24137651
1.0 2.39457214 2.96374209
2.0 3.93952623 7.33482215
3.0 5.90710708 21.38857851
4.0 7.67449009 28.81124957
5.0 9.66895732 49.35588274
6.0 11.08727889 21.47942287
7.0 12.91320930 27.41804290
8.0 14.65609347 31.70431659
9.0 15.55121661 25.52020103
10.0 17.27743896 28.06219530
11.0 19.05331517 30.65033720
12.0 19.92619937 31.60830056
13.0 21.23842442 35.65072653
14.0 23.26963443 41.72286837
15.0 24.47653157 38.64325994
16.0 26.07072831 53.10105502
17.0 28.44985263 59.80101579
18.0 29.32567096 66.15399278
19.0 30.58674668 68.65530519
20.0 32.03078278 75.77302263
21.0 34.42847090 71.66634158
22.0 34.84923627 61.52588133
23.0 36.26881877 64.47295330
24.0 41.05639500 77.96377278
25.0 41.75241941 94.84555373
26.0 42.62598513 105.46225459
27.0 43.68161409 93.60964071
28.0 44.89944109 150.21788571
29.0 46.83360249 139.74855945
30.0 47.96043086 144.39929109
31.0 48.34405598 148.01311311
32.0 50.84456768 152.85257625
33.0 52.18657006 158.27470536
34.0 55.66948817 159.29889719
35.0 55.53549838 214.44464231
36.0 61.45463316 189.65323575
37.0 57.32919554 181.88476744
38.0 60.89966940 199.92124281
39.0 62.52992076 205.41846271
40.0 63.55668185 210.40351117
41.0 65.66840416 215.72056681
42.0 67.22360728 215.16238229
43.0 67.55220686 197.68182471
44.0 68.46326078 204.93269691
45.0 69.86612579 206.52352176
46.0 71.77419060 215.62301616
47.0 74.44137572 180.99568390
48.0 73.88813638 184.54870121
49.0 76.79116849 188.84563268
50.0 76.20815381 192.34364649
51.0 77.81515241 196.34118312
52.0 81.20364704 200.74972906
53.0 82.71880823 204.49078420
54.0 85.30970589 218.59948323
55.0 86.37822642 212.88378000
56.0 89.00396133 260.76160957
57.0 87.97548708 264.28127696
58.0 86.32025415 231.15013191
59.0 89.35907894 238.80293872
60.0 93.89838397 233.19831178
61.0 94.41722196 317.62951135
62.0 92.96707858 293.81007644
63.0 94.29114540 327.65479088
64.0 95.52722434 332.15324606
65.0 98.14075002 344.67929050
66.0 100.52795905 350.19454621
67.0 101.98954005 355.25580295
68.0 100.84346203 359.87554585
69.0 102.31395680 438.84136646
70.0 104.29398147 370.75190059
71.0 105.42178211 450.51227399
72.0 108.17683529 380.65300177
73.0 107.91416458 385.75516707
74.0 110.90360699 465.39848672
75.0 113.89850365 470.86384486
76.0 113.12526790 476.35147802
77.0 116.94825943 408.33225700
78.0 117.81654572 412.51497414
79.0 118.24810373 418.21450041
80.0 122.08096143 423.03157171
81.0 121.29418684 429.17719433
82.0 126.73337616 434.60490942
83.0 127.45885857 440.45379020
84.0 130.10059394 447.45618381
85.0 128.74825321 450.56546878
86.0 127.58692519 457.33826657
87.0 127.56437342 463.23009507
88.0 130.07986583 469.25028818
89.0 131.15297616 475.42588677
90.0 134.39199670 480.24278740
91.0 132.27022665 485.95328397
92.0 134.98670266 491.68610200
93.0 135.36197082 497.51883357
94.0 141.62943362 503.70801028
95.0 139.41002750 509.55772895
96.0 139.84744692 677.15954134
97.0 141.55288334 519.92926681
98.0 144.33544280 526.08325444
99.0 145.26703312 532.93047639
100.0 148.12248055 538.68081153
101.0 153.19613661 544.72022867
102.0 147.68544504 550.75333476
103.0 146.21994702 849.03996025
104.0 157.97815234 570.72409858
105.0 156.03189391 838.96430700
106.0 158.51514767 582.85255617
107.0 155.57737610 576.86009827
108.0 162.66984460 591.51804457
109.0 158.25323541 595.40352161
110.0 163.44955030 595.93473795
111.0 160.84164776 599.52041290
112.0 166.56397576 605.34748538
113.0 168.83729476 611.59898090
114.0 166.85349645 940.37070719
115.0 169.84297037 948.55281785
116.0 165.59599520 635.78093623
117.0 169.69800317 639.36112485
