0.0 0.18987956 0.04492527
0.2 0.49769086 1.71625447
0.4 0.67106847 1.56072068
0.6 0.56275836 0.61265940
0.8 0.45106204 0.46493894
1.0 0.67322211 0.66892440
1.2 0.75007554 0.25621255
1.4 0.71694634 0.19764532
1.6 0.74946324 0.13542387
1.8 0.88363710 0.15571897
2.0 1.01422552 0.35541014
2.2 1.18161900 0.48159909
2.4 1.35557018 0.48372288
2.6 1.54834791 0.44499796
2.8 1.61823196 0.58381861
3.0 1.69970966 0.61665112
3.2 1.83537270 0.47159606
3.4 1.86618507 0.57046183
3.6 1.89073433 0.48570619
3.8 1.87593522 0.42563009
4.0 1.82139627 0.39430477
4.2 1.81732337 0.32829023
4.4 1.77333152 0.37032276
4.6 1.74082590 0.37700824
4.8 1.65627729 0.36771459
5.0 1.56948139 0.40122476
5.2 1.54358086 0.36057670
5.4 1.54578690 0.44426518
5.6 1.54024614 0.40625691
5.8 1.54920322 0.44691359
6.0 1.56038829 0.60840952
6.2 1.59002434 0.87957811
6.4 1.66626452 0.99972762
6.6 1.69985524 1.12500188
6.8 1.82297767 0.99487820
7.0 1.85808573 1.53753809
7.2 2.07400938 0.74241563
7.4 2.20250931 0.83254019
7.6 2.34127895 1.05640477
7.8 2.34141178 1.19561229
8.0 2.43887096 0.97276268
8.2 2.48550849 0.97846085
8.4 2.53032266 0.79964979
8.6 2.55222457 0.83351832
8.8 2.53736073 0.87146941
9.0 2.53425451 0.94822126
9.2 2.53955433 1.00548541
9.4 2.58684367 1.17987855
9.6 2.57437703 1.08848289
9.8 2.55757828 1.07196923
10.0 2.55679061 1.10257242
10.2 2.58736226 1.17827319
10.4 2.62110938 1.02242353
10.6 2.56111785 1.09541555
10.8 2.51197101 1.21226741
11.1 2.43691386 1.16956508
11.3 2.46479805 1.19097569
11.5 2.45319034 1.03457416
11.7 2.48773749 1.05455739
11.9 2.45702101 0.96523355
12.1 2.49706965 1.02928744
12.3 2.49549704 1.02102505
12.5 2.49756968 0.50315323
12.7 2.48538706 0.49231322
12.9 2.47901753 0.57588748
13.1 2.45263241 0.51488741
13.3 2.44429433 0.47798235
13.5 2.41585296 0.57889704
13.7 2.45042559 0.50702581
13.9 2.44669345 0.60694222
14.1 2.50651202 0.55360488
14.3 2.52691408 0.40281731
14.5 2.50654771 0.42421688
14.7 2.49600370 0.46889062
14.9 2.51888509 0.40885032
15.1 2.53034849 0.37988890
15.3 2.53189536 0.40027386
15.5 2.52579091 0.41486952
15.7 2.55947080 0.44600024
15.9 2.56824189 0.37295296
16.1 2.56492675 0.39505106
16.3 2.59108925 0.35789114
16.5 2.61037725 0.42129989
16.7 2.62440140 0.45513796
16.9 2.66308401 0.46230754
17.1 2.67909510 0.42590793
17.3 2.72707640 0.43385948
17.5 2.75030725 0.53807669
17.7 2.75683724 0.56635496
17.9 2.74668476 0.61134086
18.1 2.71663990 0.56535097
18.3 2.71368520 0.53556079
18.5 2.74171755 0.50585291
18.7 2.68660425 0.47527181
18.9 2.71347135 0.45303213
19.1 2.68981624 0.45560152
19.3 2.75306749 0.50798153
19.5 2.73755229 0.55657180
19.7 2.76137037 0.49913737
19.9 2.67992501 0.58702967
20.1 2.64774121 0.67894318
20.3 2.60430899 0.65051843
20.5 2.59021933 0.56088580
20.7 2.59555659 0.52499545
20.9 2.57025345 0.60322899
21.1 2.57368270 0.77349439
21.3 2.55119910 1.10365300
21.5 2.57426327 1.03864836
21.7 2.52328676 1.29098125
21.9 2.54630090 1.26227262
22.1 2.50158501 1.42482116
22.3 2.48724329 1.49399631
22.5 2.50027794 1.49200935
22.7 2.50645671 1.47967062
22.9 2.51805586 1.47000255
23.1 2.52150509 1.33524126
23.3 2.50717835 1.28979016
23.5 2.53806851 1.13270302
23.7 2.54518006 0.96070666
23.9 2.55178842 0.92966605
24.1 2.52884026 0.83198458
24.3 2.59955257 0.72383085
24.5 2.58247942 0.61649099
24.7 2.58656593 0.60221146
24.9 2.58073086 0.82885426
25.1 2.58376929 0.90471555
25.3 2.64042009 1.08373801
25.5 2.72840600 1.03276172
25.7 2.69474536 1.02642143
25.9 2.74329881 1.21957827
26.1 2.65664049 0.86409476
26.3 2.67786228 0.84337520
26.5 2.74784167 0.84681049
26.7 2.70853696 0.86814537
26.9 2.79950086 0.90221477
27.1 2.77700933 0.92325980
27.3 2.77333517 0.92620142
27.5 2.72609167 0.82760184
27.7 2.80123879 0.85831647
27.9 2.83871827 0.84913783
28.1 2.88248240 0.93059203
28.3 2.86256501 0.71737942
28.5 2.85178189 0.86616930
28.7 2.86565416 0.78942754
28.9 2.88042259 0.99848027
29.1 2.99554348 1.00363757
29.3 2.92622184 0.99676247
29.5 2.97679500 0.88834962
29.7 3.01645160 0.98865345
29.9 3.05893097 1.05350721
30.1 3.05384157 1.09184822
30.3 3.04145321 1.08836033
30.5 3.14689235 1.13137570
30.7 3.14772771 1.02371020
30.9 3.09787654 0.93087224
31.1 3.10737462 0.85728511
31.3 3.09525140 0.86425252
31.5 3.18378225 0.89388819
31.7 3.14398267 0.96691716
31.9 3.22089787 0.87938387
32.1 3.14185743 0.94318848
32.3 3.21899692 0.78839718
32.5 3.20361007 0.78885069
32.7 3.25179895 0.84307067
33.0 3.29331170 0.89220742
33.2 3.26924258 0.87685528
33.4 3.29292900 0.76088179
33.6 3.29072992 0.77164694
33.8 3.42267928 0.91536856
34.0 3.32328363 0.84756814
34.2 3.34485601 0.82013466
34.4 3.43800281 0.90681858
34.6 3.49087329 0.93609939
34.8 3.42086867 0.98150607
35.0 3.45611045 0.91741824
35.2 3.43685201 0.86986047
35.4 3.50808814 0.85330127
35.6 3.50838690 0.87351571
35.8 3.51117994 0.83024058
36.0 3.52291674 0.83260023
36.2 3.57428499 0.88767184
36.4 3.62486804 0.95020269
36.6 3.63666056 0.93007542
36.8 3.65846723 0.91749629
37.0 3.63668367 0.91005011
37.2 3.68184563 0.93548344
37.4 3.77564518 1.05005184
37.6 3.68010704 0.87685144
37.8 3.79274005 1.09273616
38.0 3.75059400 1.20571385
38.2 3.83893357 1.20710056
38.4 3.76859422 1.32747481
38.6 3.80663542 1.11688977
38.8 3.84490513 1.14245303
39.0 3.84016261 1.09686674
39.2 3.84183915 0.99352215
39.4 3.86124823 0.99038667
39.6 3.93249283 1.06999245
39.8 4.00121807 1.23673157
40.0 3.99542746 1.14771670
40.2 3.92018248 1.13499702
40.4 4.07003594 1.22772449
40.6 4.00558297 1.17217814
40.8 4.09535236 1.06425619
41.0 4.01796920 1.10263546
41.2 4.03623859 1.09902349
41.4 4.02076664 1.01812834
41.6 4.08007726 1.05441911
41.8 4.03390152 1.12361070
42.0 4.13770091 1.21802713
42.2 4.14813947 1.07764352
42.4 4.23432524 1.05990169
42.6 4.12403346 0.99106810
42.8 4.23746331 1.08576002
43.0 4.21945115 1.02055059
43.2 4.21044877 0.94977984
43.4 4.24546085 1.04368350
43.6 4.29354179 1.02119433
43.8 4.26889378 0.93306840
44.0 4.32922892 1.00036177
44.2 4.28802318 0.88783922
44.4 4.31185315 0.91345743
44.6 4.34747929 0.88654721
44.8 4.38310054 1.01086795
45.0 4.36376667 0.91443673
45.2 4.37922136 0.96139192
45.4 4.36286135 0.95926522
45.6 4.42779261 0.97551211
45.8 4.34826701 0.94204753
46.0 4.50966434 1.11889382
46.2 4.55311841 1.07601622
46.4 4.48557704 1.25440150
46.6 4.53016911 1.23680045
46.8 4.52708056 1.29646836
47.0 4.56939509 1.30965678
47.2 4.64789893 1.28896344
47.4 4.70985684 1.42028548
47.6 4.72078855 1.31419304
47.8 4.59668361 1.28658933
48.0 4.65464480 1.24177418
48.2 4.69970373 1.02687135
48.4 4.72391839 0.99813654
48.6 4.73132882 0.93228073
48.8 4.66387987 1.02999629
49.0 4.82962189 1.08241778
49.2 4.75768098 0.96617741
49.4 4.77558307 0.96042144
49.6 4.81089521 1.07856068
49.8 4.80711727 1.02822205
50.0 4.77948869 1.00212189
50.2 4.83672778 0.95599104
50.4 4.84495742 0.91264974
50.6 4.94434343 1.10142755
50.8 4.89548485 1.17221508
51.0 5.01520868 1.18251446
51.2 4.96926328 1.19600471
51.4 5.06407292 1.09424530
51.6 5.02061195 1.07681304
51.8 4.99692697 1.01249932
52.0 5.03325103 1.01897543
52.2 5.09455908 1.07868311
52.4 5.05000252 0.99145415
52.6 5.14788740 1.10426175
52.8 5.12811661 0.93255102
53.0 5.13019822 1.00057297
53.2 5.20047192 1.03866222
53.4 5.15908753 0.95552219
53.6 5.25982460 1.05927584
53.8 5.23410392 1.01400376
54.0 5.26006931 0.95304506
54.2 5.29141530 1.03694437
54.4 5.22060265 0.85271513
54.6 5.28464747 0.84630689
54.8 5.29040242 0.85595295
55.0 5.32168995 0.85940753
55.3 5.41796685 0.95141206
55.5 5.57263428 1.19901611
55.7 5.41712981 0.98740966
55.9 5.45458274 1.14614546
56.1 5.59202915 1.16793340
56.3 5.58474132 1.10438478
56.5 5.55125501 1.24727280
56.7 5.62892083 1.24632129
56.9 5.66514526 1.34508948
57.1 5.52601571 1.22441001
57.3 5.65608238 1.23978791
57.5 5.73578992 1.24528686
57.7 5.66065137 1.16810751
57.9 5.67945487 1.16021994
58.1 5.68091253 1.13003481
58.3 5.68348436 1.13947267
58.5 5.78424458 1.07229421
58.7 5.78702803 0.97677015
58.9 5.74159349 1.03521089
59.1 5.81465484 1.00133332
59.3 5.97015293 1.34072916
59.5 5.97847311 1.38746946
59.7 5.93798953 1.34577976
59.9 5.91110139 1.54926794
60.1 5.96957894 1.54566063
60.3 5.99592969 1.62333385
60.5 5.99872991 1.54831124
60.7 5.96662093 1.57305074
60.9 6.16958358 1.67358971
61.1 6.12014159 1.53901226
61.3 6.10507236 1.59674807
61.5 6.12014385 1.65347633
61.7 6.19764055 1.65604571
61.9 6.33742471 1.68656199
62.1 6.20898525 1.69059971
62.3 6.38181266 1.67125521
62.5 6.27770539 1.74973643
62.7 6.22489143 1.49089784
62.9 6.29676322 1.56705713
63.1 6.24246160 1.69099752
63.3 6.34160008 1.51399998
63.5 6.35730437 1.40170156
63.7 6.26791524 1.32403050
63.9 6.48786738 1.44696547
64.1 6.55323266 1.41952433
64.3 6.42546676 1.43900698
64.5 6.51303094 1.54065723
64.7 6.48577741 1.25418808
64.9 6.51377502 1.47166115
65.1 6.50708030 1.61364563
65.3 6.59897902 1.58833825
65.5 6.56758593 1.47059689
65.7 6.47958015 1.52116392
65.9 6.62114421 1.45729062
66.1 6.66706841 1.42584698
66.3 6.57508998 1.29441609
66.5 6.74782883 1.44986280
66.7 6.66192517 1.28098234
66.9 6.74024778 1.31355981
67.1 6.71244972 1.18074355
67.3 6.82683806 1.52612089
67.5 6.78482285 1.43996472
67.7 6.72384147 1.39222344
67.9 6.78679541 1.42582822
68.1 6.87803937 1.33539685
68.3 6.84993324 1.33638741
68.5 6.84536012 1.32524217
68.7 6.95296951 1.31478883
68.9 6.87858788 1.37879169
69.1 6.86230486 1.37946240
69.3 6.94371809 1.35023936
69.5 6.97249115 1.24010109
69.7 7.02511439 1.43789667
69.9 6.93849419 1.16694510
70.1 7.03125371 1.27291467
70.3 6.95192089 1.28070002
70.5 6.92633458 1.35285304
70.7 7.12902153 1.48186125
70.9 7.18318862 1.44525898
71.1 7.11849923 1.38423278
71.3 7.11075722 1.43279810
71.5 7.14462621 1.43653790
71.7 7.11338208 1.40333341
71.9 7.35822854 1.45203618
72.1 7.17332521 1.39234263
72.3 7.22717374 1.37814329
72.5 7.25741502 1.35004200
72.7 7.29897104 1.37797906
72.9 7.28685020 1.40621392
73.1 7.27779968 1.38555048
73.3 7.33368430 1.23533309
73.5 7.27163005 1.43276650
73.7 7.33384991 1.23783774
73.9 7.31922034 1.26261912
74.1 7.31962075 1.20143497
74.3 7.44078445 1.28270893
74.5 7.51938267 1.26727969
74.7 7.43313341 1.27392586
74.9 7.52377952 1.35108293
75.1 7.54113371 1.36835665
75.3 7.55436943 1.40870697
75.5 7.71022946 1.38874939
75.7 7.54427531 1.28025796
75.9 7.60360122 1.27024107
76.1 7.59178175 1.32145786
76.3 7.59035930 1.28893333
76.5 7.65572503 1.30308276
76.7 7.71752540 1.35315999
77.0 7.84112768 1.63458639
77.2 7.95480525 1.71322946
77.4 7.81272965 1.59923760
77.6 7.90019201 1.76190814
77.8 7.78905765 1.65521710
78.0 7.89213831 1.69631633
78.2 7.89864578 1.66118197
78.4 7.97822085 1.73665236
78.6 8.00524129 1.78884145
78.8 8.07651014 1.76553682
79.0 8.05053600 1.72649149
79.2 8.14956748 1.66157653
79.4 8.04436194 1.53025736
79.6 8.16487199 1.58669923
79.8 8.18082560 1.53040152
80.0 8.14660266 1.49663152
80.2 8.04150764 1.39854293
80.4 8.02111994 1.39610000
80.6 8.12970859 1.47318489
80.8 8.19103973 1.40908117
81.0 8.12072260 1.29805058
81.2 8.28380623 1.44944520
81.4 8.17027301 1.43251083
81.6 8.21562648 1.48446359
81.8 8.25903846 1.41348558
82.0 8.32231598 1.52360283
82.2 8.31012802 1.56448626
82.4 8.30637667 1.49968784
82.6 8.38555138 1.46530375
82.8 8.36299335 1.69090316
83.0 8.45241929 1.58093448
83.2 8.41927068 1.61223893
83.4 8.53433209 1.57501060
83.6 8.47999578 1.50628883
83.8 8.51748482 1.57699613
84.0 8.55305323 1.66640346
84.2 8.57773641 1.59670455
84.4 8.59898134 1.48218461
84.6 8.57102948 1.59294059
84.8 8.54085538 1.47251633
85.0 8.67900386 1.62863786
85.2 8.72819796 1.53035283
85.4 8.69854217 1.44444413
85.6 8.81481608 1.58428701
85.8 8.76614011 1.52909329
86.0 8.78154039 1.50935602
86.2 8.83995603 1.50798435
86.4 8.85667099 1.82488381
86.6 8.89511436 1.69674922
86.8 8.95654946 1.92481003
87.0 8.93948442 2.00599842
87.2 8.85667078 2.09184935
87.4 9.14869048 1.99804285
87.6 8.99910443 2.01144028
87.8 8.94497695 1.70711518
88.0 9.11237064 1.72945098
88.2 9.24764092 1.89918680
88.4 9.16195226 1.82840553
88.6 9.07493975 1.84318908
88.8 9.17280515 1.72056785
89.0 9.27839031 1.61228001
89.2 9.35570537 1.78989368
89.4 9.30151672 1.60558125
89.6 9.29327874 1.63598463
89.8 9.26733296 1.60155050
90.0 9.33358476 1.54315427
90.2 9.19237674 1.43246611
90.4 9.36083009 1.72356082
90.6 9.53642765 1.62514518
90.8 9.40298093 1.67820143
91.0 9.38235243 1.62301817
91.2 9.31441957 1.48188760
91.4 9.44454031 1.51028974
91.6 9.49878748 1.52717363
91.8 9.40836953 1.68315549
92.0 9.51939712 1.48808821
92.2 9.46377410 1.57121530
92.4 9.55261692 1.47146644
92.6 9.53316269 1.49653374
92.8 9.55089850 1.48135422
93.0 9.55580414 1.44032841
93.2 9.60094366 1.42492499
93.4 9.64002407 1.49365904
93.6 9.70499294 1.48207433
93.8 9.73446542 1.48525676
94.0 9.65735475 1.49971382
94.2 9.79690799 1.51700256
94.4 9.80232318 1.51203568
94.6 9.81154989 1.54043569
94.8 9.78996822 1.56017100
95.0 9.79787892 1.64466014
95.2 9.80027878 1.68585985
95.4 9.91850697 1.62011454
95.6 10.03281726 1.74281011
95.8 10.08848282 1.75215731
96.0 9.97695039 1.59673409
96.2 10.01791499 1.53272781
96.4 10.04211481 1.56516854
96.6 10.10478557 1.72779611
96.8 10.04147259 1.57392162
97.0 10.06162234 1.87402213
97.2 10.08294955 1.58934338
97.4 10.07560319 1.49481445
97.6 10.12770301 1.66377023
97.8 10.13534807 1.60684716
98.0 10.14749625 1.58239864
98.2 10.13761961 1.49773475
98.4 10.13586217 1.48151778
98.6 10.25849700 1.69835716
98.8 10.21751130 1.54031104
99.1 10.17325634 1.45606857
99.3 10.23037900 1.48641989
99.5 10.26933202 1.63903942
99.7 10.53012601 1.88878878
99.9 10.40179701 1.74493274
100.1 10.45876221 1.78585467
100.3 10.41601541 1.59045142
100.5 10.39924565 1.63385296
100.7 10.45288856 1.64269498
100.9 10.52870645 1.67183292
101.1 10.45463641 1.51859667
101.3 10.51137364 1.57810156
101.5 10.52051030 1.58413231
101.7 10.59756569 1.77185457
101.9 10.60718223 1.76219457
102.1 10.69201281 1.80054310
102.3 10.64694685 1.84689910
102.5 10.69562577 1.94547084
102.7 10.83334025 2.06054796
102.9 10.87602263 2.10893344
103.1 10.84316383 1.66875521
103.3 10.86501624 1.93332160
103.5 10.85115399 1.96306047
103.7 10.82563170 1.95876921
103.9 11.02199145 1.86678342
104.1 10.82639643 1.75638752
104.3 10.93376356 1.90473649
104.5 10.83133092 1.83216041
104.7 10.91444536 1.71170860
104.9 10.97389930 1.86457803
105.1 10.96252705 1.79740517
105.3 10.94608474 1.74584654
105.5 11.01568303 1.72207117
105.7 11.05499617 1.66372002
105.9 11.02698224 1.69358401
106.1 11.05603060 1.62552859
106.3 11.14540686 1.73487148
106.5 11.15700011 1.97457185
106.7 11.20022597 1.98617843
106.9 11.36946368 1.95310710
107.1 11.22755479 1.99051962
107.3 11.25359101 2.06843425
107.5 11.27294962 2.03794871
107.7 11.34318336 1.88870933
107.9 11.34241517 2.25350184
108.1 11.34487306 2.26268893
108.3 11.51965945 2.12080174
108.5 11.52727400 2.16388715
108.7 11.33787656 2.06234103
108.9 11.52185771 2.17969811
109.1 11.53175811 2.00043313
109.3 11.48138870 2.07467121
109.5 11.47527967 2.12835889
109.7 11.57528316 2.16582096
109.9 11.57460560 2.18762393
110.1 11.56951107 2.12899862
110.3 11.63484973 1.90905951
110.5 11.69573172 1.92191095
110.7 11.73396857 2.02660101
110.9 11.78148601 2.06185787
111.1 11.74634309 1.80408207
111.3 11.71796443 1.84821908
111.5 11.75242496 1.82788402
111.7 11.70143706 1.69849788
111.9 11.82295785 1.85327545
112.1 11.80276798 1.71038517
112.3 11.82425062 1.71214249
112.5 11.82387158 1.77933628
112.7 11.89644468 1.81632092
112.9 12.00239939 1.88386146
113.1 11.89853630 1.81015326
113.3 11.94901032 1.84982307
113.5 12.06901485 2.08600180
113.7 12.03245275 1.99982499
113.9 12.06829708 1.95963990
114.1 12.18032548 1.97191211
114.3 12.09428847 1.97968155
114.5 12.14040690 2.10693891
114.7 12.05885952 2.02805077
114.9 12.14228599 2.08903293
115.1 12.30548362 1.98706015
115.3 12.24717409 2.12353298
115.5 12.27745771 2.16819939
115.7 12.37059147 2.23930782
115.9 12.42519598 2.16220078
116.1 12.30171762 2.24176072
116.3 12.35334324 2.19174135
116.5 12.39071466 2.12911665
116.7 12.41735333 2.09943606
116.9 12.43268789 2.08779346
117.1 12.50960353 2.16854715
117.3 12.51116368 2.07997233
117.5 12.46376224 1.94714708
117.7 12.51420377 2.01343140
117.9 12.55944105 2.15727061
118.1 12.48948245 2.17829264
118.3 12.48137410 2.03576991
118.5 12.55022519 2.16492779
118.7 12.58841616 2.09282515
118.9 12.44796673 2.13357825
119.1 12.66277386 2.27475836
119.3 12.57809721 1.99126563
119.5 12.59551522 2.08659396
119.7 12.62753314 2.07245299
119.9 12.64232136 2.07378283
120.1 12.69034734 2.00380090
