0.0 4218.93058814
1.0 4216.71803529
2.0 4213.55175651
3.0 4209.58839016
4.0 4205.18798525
5.0 4193.02028678
6.0 4052.81372362
7.0 3990.56887966
8.0 3973.26509935
9.0 3911.59696050
10.0 3911.25209324
11.0 3882.51090303
12.0 3868.69139430
13.0 3868.63744640
14.0 3868.53485240
15.0 3854.77233143
16.0 3828.89763219
17.0 3828.83234895
18.0 3828.64595828
19.0 3814.16779264
20.0 3794.05134298
21.0 3783.02945576
22.0 3762.04003551
23.0 3761.99464597
24.0 3761.85385371
25.0 3734.37948066
26.0 3724.80870265
27.0 3724.61470804
28.0 3713.32145869
29.0 3674.36884617
30.0 3674.34728070
31.0 3674.08385025
32.0 3674.04208639
33.0 3673.98795424
34.0 3666.08000436
35.0 3650.45809177
36.0 3634.62470432
37.0 3634.58900570
38.0 3627.38233448
39.0 3627.37681119
40.0 3627.35843495
41.0 3627.23622088
42.0 3627.10686896
43.0 3616.20356966
44.0 3616.15103881
45.0 3609.68026705
46.0 3603.28812166
47.0 3592.58090794
48.0 3592.56596405
49.0 3591.08472760
50.0 3591.07739850
51.0 3591.06952429
52.0 3590.95614891
53.0 3590.66802316
54.0 3590.31464924
55.0 3590.12474887
56.0 3583.01302618
57.0 3582.91322831
58.0 3577.14884279
59.0 3555.94322173
60.0 3555.79952002
61.0 3545.56143767
62.0 3545.42299177
63.0 3523.09366327
64.0 3512.79578168
65.0 3496.71722698
66.0 3490.55648218
67.0 3490.53668980
68.0 3490.51808613
69.0 3490.49227287
70.0 3490.36161437
71.0 3481.02775305
72.0 3480.98490793
73.0 3480.91784058
74.0 3480.76072396
75.0 3480.63568024
76.0 3471.02258448
77.0 3470.95569556
78.0 3461.73316355
79.0 3457.24724818
80.0 3457.15356634
81.0 3450.56012313
82.0 3448.30864623
83.0 3443.75548495
84.0 3429.28224022
85.0 3429.26754434
86.0 3424.91840588
87.0 3420.63946316
88.0 3420.61053556
89.0 3420.54550462
90.0 3416.42068283
91.0 3416.40979228
92.0 3416.38735019
93.0 3416.36678964
94.0 3416.34620400
95.0 3416.32632678
96.0 3416.30994343
97.0 3416.27599667
98.0 3412.72128392
99.0 3412.70025260
100.0 3412.67424993
101.0 3412.62822843
102.0 3412.57315404
103.0 3408.67769234
104.0 3408.28611662
105.0 3402.77659462
106.0 3402.74665455
107.0 3402.70789923
108.0 3402.67075978
109.0 3402.63307239
110.0 3398.86925473
111.0 3398.82879292
112.0 3398.76453999
113.0 3390.26836727
114.0 3386.36166351
115.0 3379.28721137
116.0 3379.25051343
117.0 3379.21563594
