0.0000 4218.93058493 6471.0
0.2010 4218.66384345 5296.0
0.4020 4218.29509046 5327.0
0.6030 4217.87299900 5346.0
0.8040 4217.42255871 5384.0
1.0050 4216.66015022 5386.0
1.2050 4216.14417337 5405.0
1.4060 4215.62082637 5400.0
1.6070 4215.08560657 5399.0
1.8080 4214.51674210 5403.0
2.0090 4213.36490442 5407.0
2.2100 4212.57675393 5413.0
2.4110 4211.74861817 5412.0
2.6120 4210.40037233 5408.0
2.8130 4209.15626288 5413.0
3.0140 4208.56203018 5412.0
3.2150 4207.72458853 5412.0
3.4160 4206.91051806 5411.0
3.6160 4205.52113431 5410.0
3.8170 4204.55049465 5411.0
4.0180 4200.74919546 5420.0
4.2190 4195.37614897 5424.0
4.4200 4184.25147925 5420.0
4.6210 4181.83160512 5418.0
4.8220 4172.51355353 5418.0
5.0230 4162.49512293 5418.0
5.2240 4154.07073770 5414.0
5.4250 4147.82635992 5415.0
5.6260 4120.14997359 5416.0
5.8270 4101.51485149 5420.0
6.0270 4006.52260105 5423.0
6.2280 3993.75366652 5422.0
6.4290 3991.51649845 5422.0
6.6300 3988.63339219 5422.0
6.8310 3985.95625382 5421.0
7.0320 3985.88373216 5423.0
7.2330 3985.76520470 5424.0
7.4340 3985.46403385 5427.0
7.6350 3984.14212916 5426.0
7.8360 3971.30949909 5426.0
8.0370 3971.20463420 5424.0
8.2370 3970.89865808 5423.0
8.4380 3969.95962539 5421.0
8.6390 3955.04106477 5425.0
8.8400 3955.02767466 5421.0
9.0410 3955.00889309 5425.0
9.2420 3954.98711371 5426.0
9.4430 3954.95577966 5432.0
9.6440 3954.90199616 5430.0
9.8450 3954.83214126 5434.0
10.0460 3954.60462149 5430.0
10.2470 3954.02107418 5429.0
10.4480 3953.16859292 5431.0
10.6480 3953.13867226 5434.0
10.8490 3953.07822506 5432.0
11.0500 3952.92815682 5430.0
11.2510 3952.49094632 5432.0
11.4520 3935.58824020 5434.0
11.6530 3930.74262654 5433.0
11.8540 3930.66910612 5431.0
12.0550 3930.51920362 5431.0
12.2560 3929.84157739 5432.0
12.4570 3912.58090573 5433.0
12.6580 3912.57386539 5434.0
12.8580 3912.56592981 5436.0
13.0590 3912.55679016 5434.0
13.2600 3912.54684853 5437.0
13.4610 3912.53378242 5434.0
13.6620 3912.51642486 5436.0
13.8630 3912.49206533 5438.0
14.0640 3912.46420561 5438.0
14.2650 3910.44630706 5437.0
14.4660 3910.27527013 5438.0
14.6670 3897.89519737 5437.0
14.8680 3897.88058624 5439.0
15.0690 3897.86169924 5437.0
15.2690 3897.84497472 5437.0
15.4700 3887.47955036 5437.0
15.6710 3887.40638775 5440.0
15.8720 3887.21910019 5438.0
16.0730 3874.14248434 5441.0
16.2740 3874.13550453 5441.0
16.4750 3874.13468411 5440.0
16.6760 3874.12700452 5441.0
16.8770 3874.11869317 5440.0
17.0780 3874.11262879 5441.0
17.2790 3874.10437658 5442.0
17.4800 3874.08088136 5444.0
17.6800 3874.06658878 5445.0
17.8810 3874.04108343 5445.0
18.0820 3874.02045242 5444.0
18.2830 3873.98421086 5444.0
18.4840 3873.90451622 5446.0
18.6850 3873.67467724 5448.0
18.8860 3861.97244085 5447.0
19.0870 3861.75292583 5448.0
19.2880 3850.07852439 5449.0
19.4890 3849.50491383 5449.0
19.6900 3848.74313055 5449.0
19.8900 3848.68384943 5451.0
20.0910 3848.58932924 5448.0
20.2920 3845.08215676 5451.0
20.4930 3844.58473290 5452.0
20.6940 3810.45100647 5452.0
20.8950 3808.19173440 5451.0
21.0960 3792.90220536 5452.0
21.2970 3792.86507158 5450.0
21.4980 3792.78439229 5450.0
21.6990 3782.18848792 5451.0
21.9000 3782.17568173 5451.0
22.1010 3782.15686784 5450.0
22.3010 3782.12103847 5451.0
22.5020 3782.02960168 5451.0
22.7030 3770.38652476 5453.0
22.9040 3770.38636026 5452.0
23.1050 3770.38517304 5452.0
23.3060 3770.38497559 5453.0
23.5070 3770.38344064 5454.0
23.7080 3768.72892425 5453.0
23.9090 3768.70338623 5452.0
24.1100 3768.66828915 5452.0
24.3110 3768.61685364 5453.0
24.5110 3768.59472743 5453.0
24.7120 3768.58200110 5453.0
24.9130 3768.56223371 5455.0
25.1140 3768.54236965 5455.0
25.3150 3768.51972706 5455.0
25.5160 3768.49171007 5455.0
25.7170 3768.44587858 5454.0
25.9180 3768.32313973 5453.0
26.1190 3758.76865500 5450.0
26.3200 3743.16900637 5451.0
26.5210 3743.10471284 5451.0
26.7220 3733.94057275 5454.0
26.9220 3733.91442506 5452.0
27.1230 3733.84603747 5451.0
27.3240 3733.65293017 5450.0
27.5250 3718.88264786 5450.0
27.7260 3718.88232223 5451.0
27.9270 3718.88204111 5453.0
28.1280 3718.88193784 5455.0
28.3290 3718.88014492 5454.0
28.5300 3718.87702037 5453.0
28.7310 3718.87165580 5453.0
28.9320 3718.86647944 5454.0
29.1330 3718.86056431 5453.0
29.3330 3718.85102159 5452.0
29.5340 3718.84192943 5453.0
29.7350 3718.82642321 5452.0
29.9360 3718.80257253 5450.0
30.1370 3718.75317147 5453.0
30.3380 3718.62021660 5452.0
30.5390 3707.96378579 5450.0
30.7400 3707.57240071 5449.0
30.9410 3707.57198419 5450.0
31.1420 3707.57174684 5449.0
31.3430 3707.57141093 5450.0
31.5430 3707.57101708 5448.0
31.7440 3707.57073863 5449.0
31.9450 3707.57039412 5449.0
32.1460 3707.57030949 5449.0
32.3470 3707.56978642 5448.0
32.5480 3707.56964910 5448.0
32.7490 3707.56934513 5448.0
32.9500 3707.56934513 5447.0
33.1510 3707.56902208 5451.0
33.3520 3707.56900778 5450.0
33.5530 3707.56862580 5453.0
33.7540 3707.56561192 5454.0
33.9540 3707.53802972 5455.0
34.1550 3707.49775938 5454.0
34.3560 3707.47776535 5453.0
34.5570 3707.46690227 5451.0
34.7580 3707.46036179 5451.0
34.9590 3707.45674426 5453.0
35.1600 3707.45102872 5454.0
35.3610 3707.44263069 5455.0
35.5620 3707.43348877 5453.0
35.7630 3707.42449465 5456.0
35.9640 3707.41599457 5455.0
36.1640 3707.40718868 5455.0
36.3650 3707.39494306 5455.0
36.5660 3707.38122514 5455.0
36.7670 3707.36424857 5455.0
36.9680 3707.33346007 5456.0
37.1690 3707.25812991 5456.0
37.3700 3696.69179227 5457.0
37.5710 3689.56429879 5457.0
37.7720 3689.56413835 5457.0
37.9730 3689.56388038 5457.0
38.1740 3689.56366532 5458.0
38.3750 3689.56334396 5459.0
38.5750 3689.56312962 5459.0
38.7760 3689.56248996 5460.0
38.9770 3689.56214042 5461.0
39.1780 3689.56179569 5460.0
39.3790 3689.56164263 5461.0
39.5800 3689.56133221 5461.0
39.7810 3689.55936573 5460.0
39.9820 3689.55676745 5459.0
40.1830 3689.53437136 5459.0
40.3840 3689.51286671 5459.0
40.5850 3688.57091411 5459.0
40.7860 3688.49037868 5458.0
40.9860 3688.43647534 5459.0
41.1870 3688.39540738 5458.0
41.3880 3688.36126356 5460.0
41.5890 3688.31389862 5459.0
41.7900 3688.27563123 5460.0
41.9910 3688.21864370 5460.0
42.1920 3688.19205241 5461.0
42.3930 3688.14949493 5461.0
42.5940 3688.10233858 5462.0
42.7950 3688.07444526 5461.0
42.9960 3688.04980767 5461.0
43.1960 3688.02487884 5462.0
43.3970 3687.98776089 5462.0
43.5980 3687.85443080 5460.0
43.7990 3679.90432360 5461.0
44.0000 3679.88524211 5463.0
44.2010 3679.84809506 5464.0
44.4020 3673.40915321 5464.0
44.6030 3673.39646016 5466.0
44.8040 3673.37961468 5466.0
45.0050 3673.35698614 5466.0
45.2060 3673.30335604 5466.0
45.4070 3666.97655487 5467.0
45.6070 3664.92083983 5467.0
45.8080 3664.83006809 5466.0
46.0090 3658.52701463 5467.0
46.2100 3658.49884202 5467.0
46.4110 3652.24466287 5465.0
46.6120 3652.24040735 5466.0
46.8130 3652.23420893 5466.0
47.0140 3652.22781696 5464.0
47.2150 3652.22458516 5465.0
47.4160 3652.21527660 5465.0
47.6170 3652.20312702 5465.0
47.8180 3652.17833128 5465.0
48.0180 3652.05624330 5465.0
48.2190 3642.68328789 5464.0
48.4200 3640.68852670 5463.0
48.6210 3640.63359264 5463.0
48.8220 3640.61235043 5463.0
49.0230 3640.60121373 5464.0
49.2240 3640.59364918 5465.0
49.4250 3640.58684326 5466.0
49.6260 3640.58297091 5465.0
49.8270 3640.57528999 5463.0
50.0280 3640.56883763 5465.0
50.2280 3640.56087302 5465.0
50.4290 3640.55110684 5466.0
50.6300 3640.53795972 5465.0
50.8310 3640.50717016 5466.0
51.0320 3631.35662085 5468.0
51.2330 3631.35573681 5467.0
51.4340 3631.35503168 5464.0
51.6350 3631.35335944 5465.0
51.8360 3631.34916232 5462.0
52.0370 3631.32715010 5466.0
52.2380 3631.32246970 5466.0
52.4390 3626.98176455 5466.0
52.6390 3625.31220006 5465.0
52.8400 3625.22270440 5464.0
53.0410 3625.12908672 5465.0
53.2420 3625.05950665 5465.0
53.4430 3624.98437548 5465.0
53.6440 3624.93076205 5466.0
53.8450 3624.89961743 5465.0
54.0460 3619.50759697 5466.0
54.2470 3619.48919284 5467.0
54.4480 3619.47472285 5466.0
54.6490 3619.45887011 5468.0
54.8490 3619.44203322 5470.0
55.0500 3619.42651227 5469.0
55.2510 3619.41380504 5468.0
55.4520 3619.40143755 5469.0
55.6530 3619.38269761 5469.0
55.8540 3617.43837664 5470.0
56.0550 3617.36444971 5469.0
56.2560 3617.31021903 5468.0
56.4570 3617.20741454 5468.0
56.6580 3610.21668080 5470.0
56.8590 3610.19635955 5470.0
57.0600 3610.17007231 5469.0
57.2600 3608.48195198 5470.0
57.4610 3608.37172411 5468.0
57.6620 3608.24309614 5467.0
57.8630 3603.01322810 5468.0
58.0640 3599.37893141 5468.0
58.2650 3587.10163447 5469.0
58.4660 3584.57003388 5468.0
58.6670 3581.72745629 5468.0
58.8680 3576.38167258 5469.0
59.0690 3568.48029432 5470.0
59.2700 3568.47271784 5469.0
59.4710 3568.44426942 5469.0
59.6710 3568.41938591 5469.0
59.8720 3568.36631012 5469.0
60.0730 3559.74864522 5469.0
60.2740 3559.74513117 5469.0
60.4750 3559.74227252 5469.0
60.6760 3559.74015143 5469.0
60.8770 3559.73792030 5470.0
61.0780 3559.73543705 5470.0
61.2790 3559.73236694 5472.0
61.4800 3559.73175880 5472.0
61.6810 3559.72866602 5471.0
61.8810 3557.98254795 5472.0
62.0820 3557.93459733 5472.0
62.2830 3557.89831934 5472.0
62.4840 3557.88272117 5472.0
62.6850 3557.86845837 5472.0
62.8860 3553.02764235 5473.0
63.0870 3553.00726877 5472.0
63.2880 3552.98451458 5473.0
63.4890 3552.95008314 5473.0
63.6900 3552.91794478 5473.0
63.8910 3550.52932248 5473.0
64.0920 3550.49255473 5474.0
64.2920 3550.43735417 5474.0
64.4930 3550.35984673 5474.0
64.6940 3550.26294006 5474.0
64.8950 3538.94140771 5476.0
65.0960 3536.83635656 5476.0
65.2970 3536.81631412 5475.0
65.4980 3536.79979532 5474.0
65.6990 3536.78905272 5473.0
65.9000 3536.78115784 5474.0
66.1010 3536.76966678 5473.0
66.3020 3536.76575788 5474.0
66.5020 3536.75507810 5473.0
66.7030 3536.74848147 5473.0
66.9040 3536.74226020 5473.0
67.1050 3536.73533306 5474.0
67.3060 3536.72573517 5474.0
67.5070 3536.71413028 5474.0
67.7080 3536.71409499 5474.0
67.9090 3536.70230423 5475.0
68.1100 3536.69592283 5474.0
68.3110 3536.68594692 5474.0
68.5120 3536.67850240 5475.0
68.7130 3536.66394481 5475.0
68.9130 3536.65137420 5474.0
69.1140 3536.63523420 5474.0
69.3150 3536.61323436 5474.0
69.5160 3536.57887980 5474.0
69.7170 3536.42154188 5472.0
69.9180 3531.21352561 5472.0
70.1190 3527.75170011 5476.0
70.3200 3521.86177225 5476.0
70.5210 3521.83730263 5476.0
70.7220 3521.80180949 5477.0
70.9230 3517.93354254 5476.0
71.1240 3517.15632835 5475.0
71.3240 3517.14503303 5474.0
71.5250 3517.14432919 5476.0
71.7260 3517.13227559 5476.0
71.9270 3517.13225558 5476.0
72.1280 3517.10678341 5476.0
72.3290 3517.10212004 5477.0
72.5300 3517.08818710 5476.0
72.7310 3517.08521640 5476.0
72.9320 3517.07184587 5476.0
73.1330 3517.06985259 5476.0
73.3340 3517.05635140 5477.0
73.5340 3517.05562948 5476.0
73.7350 3517.04198836 5476.0
73.9360 3512.40250775 5473.0
74.1370 3512.39647803 5477.0
74.3380 3512.38939973 5477.0
74.5390 3512.37535522 5477.0
74.7400 3512.36967679 5477.0
74.9410 3512.35758915 5477.0
75.1420 3512.35294997 5477.0
75.3430 3512.34092247 5479.0
75.5440 3512.33811915 5478.0
75.7450 3512.33550320 5478.0
75.9450 3512.32263165 5477.0
76.1460 3512.31956226 5477.0
76.3470 3512.30318243 5478.0
76.5480 3512.29574281 5478.0
76.7490 3512.28965051 5479.0
76.9500 3512.28103155 5480.0
77.1510 3512.27683610 5480.0
77.3520 3512.26813242 5480.0
77.5530 3512.26366183 5480.0
77.7540 3512.25416944 5479.0
77.9550 3512.24420319 5479.0
78.1560 3512.22772560 5478.0
78.3560 3512.14665111 5478.0
78.5570 3507.80543981 5479.0
78.7580 3507.80391343 5480.0
78.9590 3507.79783840 5480.0
79.1600 3507.79458471 5480.0
79.3610 3507.78580138 5480.0
79.5620 3507.78239509 5480.0
79.7630 3507.77191469 5480.0
79.9640 3507.75142988 5480.0
80.1650 3507.71579417 5480.0
80.3660 3504.30971038 5479.0
80.5660 3503.36836754 5479.0
80.7670 3503.35861336 5479.0
80.9680 3503.35601275 5479.0
81.1690 3503.35421472 5478.0
81.3700 3503.34320191 5478.0
81.5710 3503.34027604 5479.0
81.7720 3503.32818226 5479.0
81.9730 3503.31999736 5478.0
82.1740 3503.31417557 5478.0
82.3750 3503.30652233 5478.0
82.5760 3503.29779430 5478.0
82.7770 3503.28182599 5478.0
82.9770 3503.21636387 5478.0
83.1780 3498.99323710 5478.0
83.3790 3498.99137970 5480.0
83.5800 3498.98930047 5479.0
83.7810 3498.98904369 5479.0
83.9820 3498.40941158 5480.0
84.1830 3494.62099381 5479.0
84.3840 3494.62099048 5480.0
84.5850 3494.61786886 5480.0
84.7860 3494.61765215 5480.0
84.9870 3494.61475996 5480.0
85.1870 3494.61465197 5480.0
85.3880 3494.61192869 5481.0
85.5890 3494.61141894 5482.0
85.7900 3494.61079095 5482.0
85.9910 3494.60650800 5482.0
86.1920 3494.60628818 5482.0
86.3930 3494.60268997 5482.0
86.5940 3494.59197939 5482.0
86.7950 3494.58917606 5482.0
86.9960 3494.56803858 5482.0
87.1970 3494.56637276 5482.0
87.3980 3494.56459032 5483.0
87.5980 3494.54526484 5483.0
87.7990 3494.54242891 5482.0
88.0000 3494.52230679 5482.0
88.2010 3494.51928007 5482.0
88.4020 3494.51434266 5483.0
88.6030 3494.49366618 5483.0
88.8040 3494.47900438 5483.0
89.0050 3494.44695650 5483.0
89.2060 3491.86416661 5483.0
89.4070 3490.32079624 5483.0
89.6080 3490.31655418 5483.0
89.8090 3490.31123147 5483.0
90.0090 3490.30839126 5485.0
90.2100 3490.30445378 5485.0
90.4110 3490.30149728 5486.0
90.6120 3490.29983050 5486.0
90.8130 3490.29571086 5486.0
91.0140 3490.29277801 5486.0
91.2150 3490.29268932 5486.0
91.4160 3490.28751384 5486.0
91.6170 3490.27798513 5485.0
91.8180 3490.27533058 5484.0
92.0190 3490.27236102 5484.0
92.2190 3490.26362465 5484.0
92.4200 3490.25830432 5484.0
92.6210 3490.24990245 5484.0
92.8220 3490.24698076 5485.0
93.0230 3490.24434696 5486.0
93.2240 3490.23585152 5488.0
93.4250 3490.23040542 5488.0
93.6260 3490.23033115 5486.0
93.8270 3490.22240682 5486.0
94.0280 3490.21386988 5487.0
94.2290 3490.20827241 5487.0
94.4300 3490.20383586 5488.0
94.6300 3490.19844633 5487.0
94.8310 3490.19082596 5488.0
95.0320 3490.18616153 5487.0
95.2330 3490.18158626 5488.0
95.4340 3490.17590015 5488.0
95.6350 3490.16979497 5489.0
95.8360 3490.16347938 5487.0
96.0370 3490.15424977 5488.0
96.2380 3486.58219474 5487.0
96.4390 3486.57440370 5487.0
96.6400 3486.56916994 5487.0
96.8400 3483.00754029 5484.0
97.0410 3483.00697882 5485.0
97.2420 3483.00579066 5485.0
97.4430 3483.00102014 5487.0
97.6440 3483.00102014 5485.0
97.8450 3483.00086046 5486.0
98.0460 3482.99812293 5487.0
98.2470 3482.99808311 5487.0
98.4480 3482.99803639 5488.0
98.6490 3482.99541247 5489.0
98.8500 3482.99524559 5488.0
99.0510 3482.99221685 5487.0
99.2510 3482.99200108 5487.0
99.4520 3482.99127104 5487.0
99.6530 3482.98733570 5489.0
99.8540 3482.98719074 5490.0
100.0550 3482.98482515 5490.0
100.2560 3482.97291637 5488.0
100.4570 3482.97140053 5488.0
100.6580 3482.96970276 5488.0
100.8590 3482.95157342 5488.0
101.0600 3482.94877127 5488.0
101.2610 3482.94584111 5487.0
101.4620 3482.93514308 5487.0
101.6620 3482.92391238 5488.0
101.8630 3482.92032061 5488.0
102.0640 3482.90471159 5488.0
102.2650 3482.87624251 5488.0
102.4660 3482.05195438 5488.0
102.6670 3479.03806232 5488.0
102.8680 3479.03081893 5489.0
103.0690 3479.02527224 5488.0
103.2700 3479.02385912 5488.0
103.4710 3479.01423548 5488.0
103.6720 3479.00929187 5491.0
103.8720 3479.00508759 5490.0
104.0730 3479.00122779 5490.0
104.2740 3478.99876111 5490.0
104.4750 3478.99506633 5490.0
104.6760 3478.99248069 5490.0
104.8770 3478.99112159 5490.0
105.0780 3478.98830133 5490.0
105.2790 3478.98669475 5490.0
105.4800 3478.98300093 5490.0
105.6810 3478.98271792 5490.0
105.8820 3478.98081725 5490.0
106.0830 3478.97760362 5489.0
106.2830 3478.97429532 5489.0
106.4840 3478.97384333 5489.0
106.6850 3478.97126960 5493.0
106.8860 3478.96850417 5493.0
107.0870 3478.95988247 5494.0
107.2880 3478.95728705 5493.0
107.4890 3478.95474504 5493.0
107.6900 3478.94702367 5493.0
107.8910 3478.94441204 5492.0
108.0920 3478.94187717 5493.0
108.2930 3478.93458955 5493.0
108.4930 3478.93196982 5492.0
108.6940 3478.92931290 5493.0
108.8950 3478.92894968 5493.0
109.0960 3478.91918167 5494.0
109.2970 3478.91619422 5495.0
109.4980 3478.91379066 5495.0
109.6990 3478.90594273 5494.0
109.9000 3478.90142374 5495.0
110.1010 3478.89538423 5494.0
110.3020 3478.89013046 5493.0
110.5030 3478.87784517 5494.0
110.7040 3478.87351905 5494.0
110.9040 3478.86782957 5494.0
111.1050 3478.85502300 5494.0
111.3060 3478.84897906 5494.0
111.5070 3478.84299830 5494.0
111.7080 3478.83479964 5494.0
111.9090 3478.81864130 5494.0
112.1100 3478.79817092 5494.0
112.3110 3478.69411266 5494.0
112.5120 3475.12311183 5494.0
112.7130 3471.78755308 5494.0
112.9140 3471.78547025 5495.0
113.1150 3471.78523594 5494.0
113.3150 3471.77598696 5494.0
113.5160 3471.76784603 5494.0
113.7170 3471.76270513 5494.0
113.9180 3471.75894218 5494.0
114.1190 3471.74918682 5494.0
114.3200 3471.74770885 5494.0
114.5210 3471.74640698 5494.0
114.7220 3471.74245090 5495.0
114.9230 3471.73353120 5495.0
115.1240 3471.73167654 5495.0
115.3250 3471.72784169 5495.0
115.5250 3471.72639771 5495.0
115.7260 3471.71202489 5495.0
115.9270 3471.70772262 5495.0
116.1280 3471.70767076 5494.0
116.3290 3471.70122118 5495.0
116.5300 3471.68916005 5495.0
116.7310 3471.68897528 5495.0
116.9320 3471.68339987 5495.0
117.1330 3471.67741902 5495.0
117.3340 3471.66825887 5495.0
117.5350 3471.66545028 5494.0
117.7360 3471.66034062 5495.0
117.9360 3456.65578326 5478.0
118.1370 3456.65315256 5478.0
118.3380 3456.65024503 5476.0
118.5390 3456.64595922 5477.0
118.7400 3456.63453015 5478.0
118.9410 3456.63117752 5478.0
119.1420 3456.62469609 5479.0
119.3430 3456.61508974 5479.0
119.5440 3456.60011776 5479.0
119.7450 3456.59133036 5479.0
119.9460 3456.55966812 5479.0
120.1470 3455.87837224 5479.0
